2460281.440256 1.00223 0.00098 1.1322 -1.42 2.07 20.29 38521
2460281.440395 1.00242 0.00098 1.1318 -0.94 0.25 20.42 40356
2460281.440533 1.0012 0.00097 1.1313 -0.1 1.0 20.2 41409
2460281.440672 1.00332 0.00098 1.1309 0.07 0.09 20.06 49997
2460281.440811 1.00208 0.00097 1.1304 -0.39 0.08 20.29 37827
2460281.440949 1.00208 0.00097 1.13 1.58 -1.46 20.68 43076
2460281.441088 1.00173 0.00097 1.1296 2.67 -1.99 20.38 36621
2460281.441226 1.00189 0.00097 1.1291 4.76 -3.86 20.98 40187
2460281.441365 1.00173 0.00097 1.1287 7.78 -2.57 20.6 31615
2460281.441503 1.00073 0.00097 1.1282 10.11 -3.5 19.99 36413
2460281.441641 1.00186 0.00097 1.1278 -0.57 -1.39 21.67 37654
2460281.44178 1.00083 0.00097 1.1273 -1.63 -1.63 20.97 39481
2460281.441918 1.0032 0.00097 1.1269 -2.97 -3.04 21.41 36495
2460281.442057 1.00155 0.00097 1.1264 -6.92 -1.6 20.51 33514
2460281.442195 1.00229 0.00097 1.126 -4.26 -1.53 20.91 31727
2460281.442334 1.00292 0.00097 1.1255 -1.09 -1.14 19.92 36944
2460281.442472 0.99992 0.00097 1.1251 -0.61 -1.47 20.59 34702
2460281.442611 1.00212 0.00097 1.1247 -1.55 -2.01 20.29 36494
2460281.442749 1.00168 0.00097 1.1242 0.2 -1.32 20.25 34385
2460281.442888 1.00167 0.00097 1.1238 1.03 -0.85 20.35 37114
2460281.443026 1.00267 0.00097 1.1234 3.98 -1.67 20.43 37333
2460281.443165 1.00049 0.00097 1.123 6.0 -2.07 20.42 36871
2460281.443303 1.00242 0.00097 1.1225 7.9 -3.25 20.41 37127
2460281.443442 1.00047 0.00097 1.1221 1.0 0.7 20.5 34324
2460281.44358 1.00156 0.00097 1.1217 1.38 -2.06 20.17 39170
2460281.443719 1.00296 0.00097 1.1212 0.28 -0.17 20.43 36244
2460281.443857 1.00052 0.00096 1.1208 -3.22 -1.07 19.89 37464
2460281.443996 1.00218 0.00097 1.1204 -4.01 -1.17 20.84 28472
2460281.444134 1.0036 0.00097 1.1199 -3.89 0.17 19.9 38524
2460281.444273 1.00238 0.00097 1.1195 -4.79 -1.38 19.8 41960
2460281.444411 1.00135 0.00096 1.1191 -3.93 -0.37 20.23 41564
2460281.44455 1.00201 0.00096 1.1187 -0.57 -1.25 19.89 34969
2460281.444688 1.00245 0.00096 1.1183 2.55 -0.96 20.87 35431
2460281.444827 1.00194 0.00096 1.1178 3.66 0.45 20.1 37858
2460281.444965 1.00064 0.00096 1.1174 6.46 -2.67 21.44 37765
2460281.445103 1.00075 0.00096 1.117 7.52 -2.02 19.75 43255
2460281.445242 1.00255 0.00096 1.1166 0.05 -0.16 20.85 35358
2460281.445379 1.00316 0.00096 1.1162 1.98 -0.53 19.93 42009
2460281.445518 1.0012 0.00096 1.1158 -1.18 1.46 20.86 37219
2460281.445656 1.00202 0.00096 1.1153 -3.13 -1.53 20.54 36591
2460281.445795 1.00157 0.00096 1.1149 -5.91 -2.13 20.61 36682
2460281.445934 1.00126 0.00096 1.1145 -5.63 -1.5 20.37 39987
2460281.446072 1.0031 0.00096 1.1141 -7.68 -0.74 19.93 39403
2460281.44621 1.00218 0.00096 1.1137 -5.2 -0.25 19.35 37901
2460281.446349 1.00294 0.00096 1.1133 -2.56 -0.67 19.54 33540
2460281.446487 1.001 0.00096 1.1129 2.17 -0.79 19.73 43524
2460281.446626 1.00273 0.00096 1.1125 3.58 -1.86 20.42 41668
2460281.446765 1.00211 0.00096 1.1121 4.75 -1.17 20.3 36437
2460281.446903 1.00221 0.00096 1.1117 8.35 -2.17 20.03 36740
2460281.447042 1.00164 0.00096 1.1113 1.3 -0.58 19.96 39474
2460281.44718 1.00187 0.00096 1.1108 2.75 -0.98 20.45 41580
2460281.447318 1.00317 0.00096 1.1104 3.18 -1.78 20.16 40540
2460281.447457 1.00146 0.00096 1.11 0.87 -1.64 19.92 38354
2460281.447595 1.00185 0.00096 1.1096 -4.08 -0.74 21.25 32870
2460281.447734 1.00309 0.00096 1.1092 -6.6 -0.86 19.81 40696
2460281.447872 1.004 0.00096 1.1088 -9.37 -1.62 20.46 39779
2460281.448011 1.00158 0.00095 1.1085 -9.29 -0.87 19.54 44845
2460281.448149 1.00184 0.00096 1.108 -6.05 -1.54 20.5 31392
2460281.448288 1.00253 0.00095 1.1077 3.06 -0.81 19.89 41380
2460281.448426 1.00112 0.00095 1.1073 4.04 -0.81 19.81 37281
2460281.448564 1.00126 0.00095 1.1069 4.83 -1.17 20.63 36555
2460281.448703 1.00249 0.00095 1.1065 7.75 -1.86 19.88 39132
2460281.448841 1.00176 0.00095 1.1061 2.26 -1.25 20.38 36727
2460281.44898 1.00261 0.00095 1.1057 1.8 -0.96 19.8 44864
2460281.449119 1.00298 0.00095 1.1053 3.77 -0.91 20.35 39783
2460281.449257 1.00264 0.00095 1.1049 3.61 -1.82 20.21 37757
2460281.449396 1.00037 0.00095 1.1045 -1.32 -1.66 21.58 27414
2460281.449534 1.0017 0.00095 1.1041 -4.5 -1.07 19.86 36717
2460281.449673 1.0014 0.00095 1.1038 -5.6 -0.86 19.73 41266
2460281.449811 1.00351 0.00095 1.1034 -8.71 -0.98 19.79 43414
2460281.44995 1.0021 0.00095 1.103 -6.29 -2.0 20.31 33679
2460281.450088 1.00208 0.00095 1.1026 1.29 -1.05 20.32 37494
2460281.450226 1.00277 0.00095 1.1022 2.12 -1.36 19.91 39237
2460281.450365 1.00392 0.00095 1.1018 6.02 -1.27 20.36 36390
2460281.450503 1.00224 0.00095 1.1015 4.55 -2.38 19.77 40475
2460281.450642 1.00179 0.00095 1.1011 2.72 -0.24 19.95 41016
2460281.45078 1.00173 0.00095 1.1007 1.5 0.28 20.26 42123
2460281.450919 1.00462 0.00095 1.1003 4.3 -2.43 20.79 37988
2460281.451057 1.00324 0.00095 1.0999 3.3 -1.11 19.33 40214
2460281.451196 1.00152 0.00095 1.0996 1.31 -0.3 21.56 30863
2460281.451334 1.00229 0.00095 1.0992 -0.82 4.79 20.88 39855
2460281.451473 1.00278 0.00095 1.0988 -3.39 -1.77 19.82 40865
2460281.451611 1.00249 0.00095 1.0984 -4.3 -2.16 19.38 43994
2460281.45175 1.00126 0.00095 1.0981 -5.72 -1.12 19.38 35585
2460281.451888 1.00069 0.00094 1.0977 -1.33 -0.02 19.49 42036
2460281.452027 1.00199 0.00094 1.0973 -0.15 0.08 19.3 36853
2460281.452165 1.00356 0.00095 1.097 4.34 -2.07 21.4 37079
2460281.452304 1.00276 0.00094 1.0966 4.27 -2.27 19.97 37494
2460281.452442 1.00083 0.00094 1.0962 0.95 -1.33 20.68 42852
2460281.452581 1.00201 0.00094 1.0959 0.85 -1.36 20.71 37747
2460281.452719 1.00258 0.00094 1.0955 2.64 -1.01 20.08 40499
2460281.452858 1.00283 0.00094 1.0951 3.41 -1.43 20.05 38610
2460281.452996 1.00301 0.00094 1.0948 1.95 -1.94 20.72 33640
2460281.453135 1.00259 0.00094 1.0944 0.7 -1.78 19.8 37854
2460281.453274 1.00073 0.00094 1.0941 2.05 0.0 20.03 40795
2460281.453412 1.00222 0.00094 1.0937 -0.07 -0.82 19.69 43583
2460281.453551 1.00162 0.00094 1.0933 -1.54 -2.31 19.6 41732
2460281.453689 1.00122 0.00094 1.093 -2.42 0.26 19.73 41633
2460281.453828 1.00236 0.00094 1.0926 -3.38 1.1 20.64 37489
2460281.453966 1.00252 0.00094 1.0922 0.14 -1.35 20.14 37389
2460281.454105 1.00327 0.00094 1.0919 2.03 -1.88 19.97 38526
2460281.454243 1.00326 0.00094 1.0916 -0.5 -0.73 20.34 34222
2460281.454382 1.00343 0.00094 1.0912 0.1 -1.48 19.69 44517
2460281.45452 1.00148 0.00094 1.0908 -0.11 -1.18 19.57 42947
2460281.454659 1.0012 0.00094 1.0905 -0.53 -0.3 19.91 44977
2460281.454797 1.00213 0.00094 1.0901 1.1 -2.19 21.36 34140
2460281.454936 1.00303 0.00094 1.0898 -0.4 0.09 19.22 43774
2460281.455074 1.00191 0.00094 1.0894 1.51 -0.36 19.64 39360
2460281.455213 1.00132 0.00094 1.0891 1.73 -1.21 19.63 49666
2460281.455351 1.00324 0.00094 1.0887 0.46 -2.93 20.85 35657
2460281.45549 1.00213 0.00094 1.0884 -2.43 0.08 19.63 43670
2460281.455628 1.00182 0.00094 1.088 -0.94 -1.15 19.98 39801
2460281.455767 1.00208 0.00094 1.0877 -3.28 -1.01 19.8 40938
2460281.455906 1.00348 0.00094 1.0873 -2.02 -1.85 19.43 46740
2460281.456044 1.0009 0.00093 1.087 -0.04 -0.29 19.95 36190
2460281.456183 1.00035 0.00093 1.0866 1.45 -0.95 19.65 47408
2460281.456321 1.00253 0.00094 1.0863 -1.06 0.56 19.65 44132
2460281.45646 1.00257 0.00094 1.086 0.5 -1.36 19.83 49791
2460281.456598 1.00377 0.00094 1.0856 -1.16 -0.79 19.87 41029
2460281.456737 1.00208 0.00093 1.0853 1.24 0.22 20.02 52665
2460281.456875 1.00154 0.00093 1.085 0.44 -2.27 19.89 47683
2460281.457013 1.00136 0.00093 1.0846 2.25 -0.42 19.36 41912
2460281.457152 1.00125 0.00093 1.0843 2.45 -0.9 21.0 38990
2460281.45729 1.00147 0.00093 1.084 -0.98 0.28 19.14 45166
2460281.457428 1.00259 0.00093 1.0836 -2.4 -0.49 19.53 37612
2460281.457567 1.00266 0.00093 1.0833 -3.62 -0.73 19.54 44782
2460281.457705 1.00214 0.00093 1.0829 -3.22 -1.15 19.34 47244
2460281.457844 1.00251 0.00093 1.0826 0.31 0.14 20.61 37414
2460281.457982 1.00099 0.00093 1.0823 0.37 -0.22 19.13 48095
2460281.458121 1.00113 0.00093 1.0819 1.93 -0.34 19.66 45809
2460281.458259 1.00216 0.00093 1.0816 0.7 -0.89 19.14 44909
2460281.458397 1.00259 0.00093 1.0813 -1.02 -0.83 20.26 35794
2460281.458536 1.00262 0.00093 1.081 -0.65 -0.32 19.65 55291
2460281.458675 1.00219 0.00093 1.0807 -1.01 -1.31 19.85 47499
2460281.458813 1.00101 0.00093 1.0803 0.32 -1.48 19.44 47306
2460281.458951 1.00208 0.00093 1.08 -0.23 -1.29 20.13 48539
2460281.45909 1.00121 0.00093 1.0797 2.45 0.23 20.0 48042
2460281.459228 1.00057 0.00093 1.0794 0.05 -1.11 19.22 46564
2460281.459367 1.00274 0.00093 1.079 -0.56 -0.7 19.34 53062
2460281.459505 1.00056 0.00093 1.0787 0.99 -1.62 20.81 47112
2460281.459644 1.0027 0.00093 1.0784 -0.65 0.59 19.66 43405
2460281.459782 1.00313 0.00093 1.078 -2.05 -0.61 19.28 44391
2460281.459921 1.00114 0.00093 1.0777 1.79 -1.81 19.67 45156
2460281.460059 1.00198 0.00093 1.0774 -0.42 -0.65 19.42 45980
2460281.460198 1.00137 0.00093 1.0771 -0.24 -1.06 20.89 39500
2460281.460336 1.00286 0.00093 1.0768 -1.53 0.45 20.09 50336
2460281.460475 1.00152 0.00093 1.0765 -0.81 -0.66 19.7 49355
2460281.460613 1.00241 0.00093 1.0762 -3.09 -0.61 19.92 50583
2460281.460752 1.00305 0.00093 1.0759 -2.19 -0.49 19.44 44895
2460281.46089 1.00041 0.00093 1.0755 2.15 -0.33 20.65 47709
2460281.461029 1.00084 0.00093 1.0752 1.88 0.16 18.87 54680
2460281.461167 1.00363 0.00093 1.0749 1.6 0.05 20.32 49291
2460281.461306 1.00097 0.00093 1.0746 0.68 -1.13 19.09 49574
2460281.461444 1.00289 0.00093 1.0743 -1.19 -0.11 19.07 36879
2460281.461583 1.00093 0.00093 1.074 -2.86 0.29 19.12 44943
2460281.461721 1.00183 0.00093 1.0737 -3.65 -2.24 19.95 40560
2460281.46186 1.00135 0.00092 1.0734 -2.18 -0.37 18.86 48791
2460281.461999 1.00025 0.00092 1.0731 -0.94 -1.4 19.65 36379
2460281.462138 1.00171 0.00093 1.0728 -2.21 3.62 20.71 40808
2460281.462276 1.00251 0.00093 1.0724 -3.54 -0.87 19.43 43932
2460281.462415 1.00286 0.00093 1.0722 -3.7 -0.53 19.31 47923
2460281.462553 1.00301 0.00093 1.0718 -4.16 -0.43 19.31 39238
2460281.462691 1.00262 0.00092 1.0715 0.6 -0.14 19.89 41470
2460281.46283 1.00231 0.00092 1.0712 1.67 -0.56 19.44 41254
2460281.462968 1.00231 0.00092 1.0709 4.01 -0.51 20.45 40975
2460281.463107 1.00069 0.00092 1.0706 3.52 -1.55 19.52 46011
2460281.463245 1.0019 0.00092 1.0703 0.28 -0.67 19.69 39283
2460281.463383 1.00175 0.00092 1.07 -0.23 -1.11 20.94 46435
2460281.463522 1.00169 0.00092 1.0698 -2.27 -1.02 19.5 47634
2460281.463661 1.00258 0.00092 1.0695 -2.46 -1.1 19.3 44488
2460281.463799 1.00203 0.00092 1.0692 -3.16 0.1 19.09 39550
2460281.463938 1.00158 0.00092 1.0689 -0.13 -0.15 19.8 49125
2460281.464076 1.00304 0.00092 1.0686 -1.28 0.06 19.13 48269
2460281.464214 1.00007 0.00092 1.0683 -2.38 -0.05 20.13 42620
2460281.464353 1.00305 0.00092 1.068 -2.13 0.19 20.21 44403
2460281.464491 1.00189 0.00092 1.0677 0.29 -0.25 19.93 47163
2460281.46463 1.00159 0.00092 1.0674 0.56 -1.66 20.1 46997
2460281.464768 1.00208 0.00092 1.0671 1.05 -1.31 19.39 44753
2460281.464907 1.00211 0.00092 1.0668 5.87 -3.59 20.83 48609
2460281.465045 1.00024 0.00092 1.0665 1.5 -0.0 19.74 39298
2460281.465184 1.00115 0.00092 1.0663 -1.05 -0.08 19.22 46693
2460281.465322 1.00115 0.00092 1.066 -2.35 -1.17 19.24 43732
2460281.46546 1.00238 0.00092 1.0657 -3.3 -1.48 19.45 47683
2460281.465599 1.00103 0.00092 1.0654 -1.99 -0.57 19.59 43238
2460281.465738 1.00101 0.00092 1.0651 -1.49 0.25 19.35 46110
2460281.465876 1.00118 0.00092 1.0648 0.14 -1.58 19.83 49398
2460281.466014 1.0021 0.00092 1.0645 -0.3 -0.93 20.03 47550
2460281.466291 1.00055 0.00092 1.064 -1.83 1.12 20.47 43362
2460281.46643 1.00077 0.00092 1.0637 -1.93 -0.55 19.42 47606
2460281.466568 1.00302 0.00092 1.0634 -2.58 -1.14 19.71 48951
2460281.466706 1.00083 0.00092 1.0631 1.23 -0.4 19.75 44706
2460281.466845 1.00062 0.00092 1.0629 2.16 -1.01 19.45 43661
2460281.466983 1.0014 0.00092 1.0626 1.23 0.35 19.42 45315
2460281.467122 1.00119 0.00092 1.0623 2.33 -1.15 19.42 46446
2460281.46726 0.9995 0.00091 1.062 1.16 -0.83 20.19 47954
2460281.467399 1.00062 0.00091 1.0618 -0.06 -0.93 20.82 37664
2460281.467537 1.00232 0.00092 1.0615 -0.61 -0.35 20.48 49972
2460281.467676 1.00241 0.00092 1.0612 -0.46 -0.75 19.92 52941
2460281.467814 1.00091 0.00091 1.061 -2.24 -0.46 19.2 48372
2460281.467953 1.00252 0.00092 1.0607 -2.97 -1.25 20.39 42221
2460281.468091 1.00175 0.00091 1.0604 -1.83 0.32 18.94 54914
2460281.46823 1.00076 0.00091 1.0601 -4.08 0.2 19.84 45908
2460281.468368 1.00188 0.00091 1.0599 -3.28 -0.86 19.66 48705
2460281.468507 1.00065 0.00091 1.0596 -2.86 -0.48 20.73 46088
2460281.468645 1.00183 0.00091 1.0593 1.9 -0.61 21.28 39669
2460281.468784 1.00066 0.00091 1.0591 3.7 0.07 20.24 42974
2460281.468922 1.00252 0.00091 1.0588 5.23 -0.8 19.8 45055
2460281.46906 0.99966 0.00091 1.0585 3.25 0.23 19.35 45167
2460281.469199 1.00139 0.00091 1.0583 1.96 -0.68 20.74 40506
2460281.469338 1.00138 0.00091 1.058 0.42 -0.11 20.23 46034
2460281.469475 1.00143 0.00091 1.0578 -2.56 0.51 18.74 44339
2460281.469614 1.00218 0.00091 1.0575 -3.33 -0.95 19.22 48788
2460281.469752 1.00265 0.00091 1.0572 -2.74 -1.59 18.85 49306
2460281.469891 1.00128 0.00091 1.057 -0.26 0.63 19.14 50774
2460281.47003 1.00114 0.00091 1.0567 -2.01 0.77 19.93 52600
2460281.470168 1.00137 0.00091 1.0565 -2.03 -0.21 19.23 49120
2460281.470306 1.00167 0.00091 1.0562 -2.18 -1.19 18.74 54706
2460281.470445 1.0032 0.00091 1.0559 -2.09 0.04 19.57 43790
2460281.470583 1.00228 0.00091 1.0557 -0.02 -1.78 20.13 48735
2460281.470722 1.00001 0.00091 1.0554 0.79 0.29 19.81 49869
2460281.47086 1.00038 0.00091 1.0552 1.39 -1.25 19.8 46776
2460281.470999 0.99956 0.00091 1.0549 0.78 -3.08 21.47 35224
2460281.471138 1.0015 0.00091 1.0547 -3.0 -0.38 18.64 54640
2460281.471276 1.00219 0.00091 1.0544 -2.96 0.51 19.81 48078
2460281.471414 1.00127 0.00091 1.0542 -4.68 -1.17 19.45 48378
2460281.471553 1.00279 0.00091 1.0539 -3.17 0.49 19.72 48022
2460281.471692 1.00124 0.00091 1.0537 0.82 -0.1 20.1 47683
2460281.47183 1.00224 0.00091 1.0534 0.16 -0.27 18.85 49554
2460281.471968 1.00202 0.00091 1.0532 -0.58 -0.81 19.57 47231
2460281.472107 1.00134 0.00091 1.0529 -0.67 -1.47 19.61 48746
2460281.472245 1.00188 0.00091 1.0527 0.54 -0.23 19.38 50156
2460281.472383 1.00134 0.00091 1.0524 0.16 -0.65 18.76 52933
2460281.472522 1.0013 0.00091 1.0522 0.34 0.46 19.73 52149
2460281.47266 1.0008 0.00091 1.0519 0.74 -0.77 18.65 52068
2460281.472799 1.00038 0.0009 1.0517 1.25 -0.0 19.11 43182
2460281.472937 1.00226 0.00091 1.0515 -0.77 0.33 19.5 49455
2460281.473076 1.00224 0.00091 1.0512 -2.59 -0.16 19.57 44626
2460281.473215 1.00204 0.00091 1.051 -4.35 -0.22 19.25 52935
2460281.473353 1.00124 0.0009 1.0507 -5.91 -2.24 19.3 54569
2460281.473492 1.00076 0.0009 1.0505 0.37 0.31 19.59 48258
2460281.473631 1.00095 0.0009 1.0503 0.92 -0.45 18.93 52272
2460281.473769 1.00018 0.0009 1.05 3.46 -1.12 19.67 51120
2460281.473908 1.00194 0.0009 1.0498 1.82 -1.37 18.72 57428
2460281.474046 1.00096 0.0009 1.0495 -0.3 0.92 19.7 38984
2460281.474185 1.00081 0.0009 1.0493 -1.04 0.72 18.88 52881
2460281.474323 1.00221 0.0009 1.0491 0.41 0.43 19.63 53545
2460281.474462 1.00163 0.0009 1.0488 0.79 -0.8 18.7 51941
2460281.4746 1.00134 0.0009 1.0486 0.68 -1.7 19.82 44542
2460281.474739 0.99979 0.0009 1.0484 1.13 0.67 18.45 53756
2460281.474877 1.00158 0.0009 1.0481 -1.6 -0.49 18.38 51640
2460281.475016 0.99997 0.0009 1.0479 -2.33 -1.14 18.61 54694
2460281.475154 1.00186 0.0009 1.0477 -2.67 -0.15 19.57 49114
2460281.475293 1.00201 0.0009 1.0475 0.32 0.09 19.5 52256
2460281.475431 1.00211 0.0009 1.0472 -1.42 -0.96 19.32 49880
2460281.47557 1.00049 0.0009 1.047 0.31 -0.05 19.05 45615
2460281.475708 1.00092 0.0009 1.0468 1.92 -1.26 19.31 55777
2460281.475847 1.00185 0.0009 1.0465 -0.36 0.93 19.95 41929
2460281.475985 1.00198 0.0009 1.0463 -1.57 -0.53 18.26 54766
2460281.476124 1.00063 0.0009 1.0461 0.55 0.61 19.01 54634
2460281.476262 1.00182 0.0009 1.0459 -0.97 0.82 19.52 52771
2460281.4764 1.00229 0.0009 1.0456 1.75 -0.96 19.78 50570
2460281.476539 1.00165 0.0009 1.0454 0.79 0.72 19.37 47361
2460281.476677 1.00004 0.0009 1.0452 1.65 -0.2 19.67 53404
2460281.476816 1.00117 0.0009 1.045 -0.4 -0.84 18.36 46862
2460281.476954 1.00185 0.0009 1.0448 -3.19 -0.43 18.51 51858
2460281.477093 1.0007 0.0009 1.0445 -1.32 1.07 19.54 46682
2460281.477232 1.00329 0.0009 1.0443 -1.78 -0.33 19.35 48989
2460281.47737 0.9996 0.0009 1.0441 -1.47 -0.15 19.29 49914
2460281.477508 1.003 0.0009 1.0439 -0.94 -0.53 18.68 47414
2460281.477647 1.00323 0.0009 1.0437 0.51 0.44 19.45 44651
2460281.477785 1.00181 0.0009 1.0435 1.87 0.08 18.79 51018
2460281.477924 1.00069 0.0009 1.0432 1.35 0.01 19.43 53824
2460281.478062 1.00051 0.0009 1.043 1.36 0.02 19.23 48768
2460281.478201 1.00055 0.0009 1.0428 1.46 0.3 20.53 41010
2460281.478339 1.00038 0.0009 1.0426 0.85 0.43 19.19 50933
2460281.478478 1.0015 0.0009 1.0424 0.44 0.61 19.43 49394
2460281.478616 1.00059 0.0009 1.0422 2.97 -0.55 19.26 48174
2460281.478755 1.00017 0.0009 1.042 1.12 -1.21 19.42 51655
2460281.478893 1.00255 0.0009 1.0417 -1.61 0.05 19.72 47755
2460281.479032 0.99904 0.0009 1.0415 -3.43 -0.16 18.28 54596
2460281.47917 1.00255 0.0009 1.0413 -2.44 2.22 19.56 51133
2460281.479309 1.00241 0.0009 1.0411 -2.82 0.15 19.43 47276
2460281.479448 1.001 0.0009 1.0409 0.82 1.1 19.01 50451
2460281.479586 1.00172 0.0009 1.0407 2.66 0.47 18.81 51432
2460281.479724 1.00038 0.0009 1.0405 1.09 0.14 19.06 57845
2460281.479863 1.00036 0.0009 1.0403 1.84 -1.52 18.57 55240
2460281.480001 0.9998 0.00089 1.0401 0.26 -0.56 19.33 46137
2460281.48014 0.99989 0.00089 1.0399 -0.19 -0.09 18.21 53891
2460281.480278 1.0012 0.0009 1.0397 0.71 -0.16 19.25 54437
2460281.480417 0.99967 0.00089 1.0395 1.52 0.34 19.08 56400
2460281.480556 1.00175 0.0009 1.0393 2.51 -0.97 19.61 51908
2460281.480694 1.00128 0.00089 1.0391 -1.05 1.77 18.65 49391
2460281.480832 1.00139 0.0009 1.0389 -3.58 -1.1 18.69 51726
2460281.480971 1.00108 0.00089 1.0387 -3.75 -0.84 18.84 53661
2460281.481109 1.00107 0.00089 1.0385 -3.27 -0.75 18.29 54383
2460281.481248 1.0013 0.0009 1.0383 -0.62 1.46 19.8 47922
2460281.481386 1.00039 0.00089 1.0381 -0.7 0.84 18.83 54539
2460281.481523 1.0007 0.00089 1.0379 1.74 -0.64 18.87 55073
2460281.481662 1.00032 0.00089 1.0377 0.8 -1.51 18.24 59196
2460281.4818 1.00107 0.00089 1.0375 0.06 0.64 19.3 45330
2460281.481939 1.00045 0.00089 1.0373 0.67 0.87 19.03 52115
2460281.482077 0.99984 0.00089 1.0371 0.14 -0.69 18.35 51706
2460281.482216 1.00085 0.00089 1.0369 0.19 -1.34 18.79 54883
2460281.482354 0.99932 0.00089 1.0367 1.5 0.35 18.93 54513
2460281.482493 1.00053 0.00089 1.0366 1.56 -0.98 18.24 57663
2460281.482631 1.00179 0.00089 1.0364 0.34 0.82 18.66 51320
2460281.48277 1.00137 0.00089 1.0362 -0.98 0.47 18.22 52605
2460281.482908 1.00127 0.00089 1.036 -1.19 -1.12 18.2 51834
2460281.483047 1.00117 0.00089 1.0358 -0.97 0.1 19.25 47290
2460281.483185 1.00219 0.00089 1.0356 -0.06 -1.29 20.22 55401
2460281.483324 1.00136 0.00089 1.0354 1.05 0.29 18.8 47742
2460281.483462 1.00019 0.00089 1.0352 1.01 -1.43 18.47 54228
2460281.483601 0.99994 0.00089 1.0351 0.38 0.3 19.8 42079
2460281.48374 1.00249 0.00089 1.0349 -2.44 1.25 18.14 56382
2460281.483878 1.0014 0.00089 1.0347 2.68 -1.56 20.31 56495
2460281.484016 1.00124 0.00089 1.0345 -0.24 0.61 18.6 51638
2460281.484155 1.00169 0.00089 1.0343 -0.29 -2.16 19.9 50203
2460281.484293 1.0012 0.00089 1.0341 -0.5 0.25 18.13 47110
2460281.484432 1.00027 0.00089 1.034 2.58 0.16 18.45 55512
2460281.484571 1.00123 0.00089 1.0338 1.75 -1.09 17.77 56729
2460281.484709 1.00089 0.00089 1.0336 1.76 -0.59 18.97 51737
2460281.484848 1.00073 0.00089 1.0334 0.35 0.12 20.26 37296
2460281.484986 0.99988 0.00089 1.0332 -2.14 0.38 19.01 49537
2460281.485125 1.00075 0.00089 1.0331 -2.94 -0.07 17.93 53341
2460281.485263 1.00097 0.00089 1.0329 -0.09 -1.73 18.37 52962
2460281.485402 1.00032 0.00089 1.0327 -0.34 0.47 19.16 50275
2460281.48554 1.00269 0.00089 1.0325 -0.65 1.25 17.92 53127
2460281.485678 0.99879 0.00089 1.0324 -2.0 -0.17 17.91 51483
2460281.485817 1.00099 0.00089 1.0322 -2.39 -0.29 18.75 52197
2460281.485956 1.00169 0.00089 1.032 -2.4 -1.12 18.32 54505
2460281.486094 1.00053 0.00089 1.0318 -1.23 0.89 18.84 53161
2460281.486232 1.00099 0.00089 1.0317 -0.15 -0.49 18.02 51600
2460281.486371 1.00032 0.00089 1.0315 3.29 0.69 18.69 47783
2460281.486509 1.00347 0.00089 1.0313 4.28 -1.63 19.82 56790
2460281.486648 1.0009 0.00089 1.0312 0.92 -0.34 19.51 41955
2460281.486786 1.00046 0.00089 1.031 -1.63 0.53 18.23 59996
2460281.486925 1.00145 0.00089 1.0308 -2.3 -0.61 18.84 54537
2460281.487064 1.00037 0.00089 1.0307 -1.95 -0.37 19.06 50646
2460281.487202 1.0009 0.00089 1.0305 -1.87 -0.96 17.99 50478
2460281.487341 1.00108 0.00089 1.0303 2.48 0.6 18.81 50074
2460281.487479 0.99993 0.00089 1.0302 1.23 0.65 18.43 54416
2460281.487895 1.00018 0.00089 1.0297 0.31 1.74 19.11 45355
2460281.488033 0.99983 0.00089 1.0295 0.86 0.16 18.16 51782
2460281.488172 0.99996 0.00089 1.0293 1.47 0.01 18.2 49997
2460281.48831 1.00051 0.00089 1.0292 2.8 0.35 19.16 45519
2460281.488449 1.00063 0.00089 1.029 -0.11 0.24 20.35 37893
2460281.488587 1.00149 0.00089 1.0289 -0.83 0.5 18.94 45898
2460281.488725 1.00014 0.00089 1.0287 -2.14 0.25 18.98 44102
2460281.488864 1.00123 0.00089 1.0285 -2.78 -0.34 19.77 45298
2460281.489003 1.00007 0.00089 1.0284 -2.61 -1.21 18.25 38512
2460281.489141 1.00072 0.00089 1.0282 -0.67 1.19 20.02 49066
2460281.48928 1.00113 0.00089 1.0281 3.3 -0.71 18.54 52713
2460281.489418 0.99954 0.00089 1.0279 0.88 -0.77 18.89 50099
2460281.489557 0.99795 0.00088 1.0278 1.34 -1.66 18.36 51659
2460281.489695 1.0005 0.00089 1.0276 0.17 1.55 19.06 47530
2460281.489833 1.00084 0.00089 1.0275 -0.77 0.38 18.26 55981
2460281.489972 1.00115 0.00089 1.0273 -0.15 0.61 18.58 51000
2460281.490111 0.99994 0.00089 1.0272 0.16 -0.38 18.31 51345
2460281.490249 0.99995 0.00089 1.027 2.62 0.35 19.23 48477
2460281.490387 0.99972 0.00089 1.0269 2.07 0.84 18.85 54334
2460281.490526 1.00099 0.00089 1.0267 0.1 0.46 18.61 48711
2460281.490664 0.99982 0.00089 1.0266 0.09 -0.09 18.82 59400
2460281.490803 1.00155 0.00089 1.0264 -1.18 -0.09 18.61 52451
2460281.490941 1.0018 0.00089 1.0263 0.04 0.43 18.77 52245
2460281.49108 1.00097 0.00089 1.0261 -0.01 0.85 18.78 51875
2460281.491219 1.00109 0.00089 1.026 -0.28 -0.25 18.22 53856
2460281.491357 1.00094 0.00089 1.0258 -0.57 -1.43 18.15 50310
2460281.491495 1.00248 0.00089 1.0257 0.42 1.22 18.79 48073
2460281.491634 1.00066 0.00088 1.0255 -0.8 1.13 18.87 53625
2460281.491772 1.00021 0.00088 1.0254 -1.05 0.88 18.62 47642
2460281.491911 1.00109 0.00088 1.0252 -1.78 -0.27 18.5 52620
2460281.492049 1.00058 0.00088 1.0251 -0.47 0.86 18.76 49409
2460281.492188 1.00119 0.00088 1.025 3.06 0.27 19.22 47534
2460281.492326 1.00172 0.00089 1.0248 3.86 -0.76 18.66 48553
2460281.492465 0.99924 0.00088 1.0247 3.56 -1.07 18.51 46802
2460281.492603 0.9995 0.00088 1.0245 0.57 -0.66 18.89 46810
2460281.492742 1.00126 0.00088 1.0244 -2.69 -0.45 18.44 50554
2460281.49288 1.00059 0.00088 1.0243 -2.06 0.64 18.74 45753
2460281.493019 1.00204 0.00088 1.0241 -0.95 -0.9 18.96 49202
2460281.493158 1.001 0.00088 1.024 0.45 -0.56 19.12 47667
2460281.493296 1.00161 0.00088 1.0238 0.83 1.55 19.0 43994
2460281.493433 1.0013 0.00088 1.0237 -1.55 3.29 18.74 52815
2460281.493572 1.00033 0.00088 1.0236 -1.21 -0.62 19.04 51187
2460281.49371 1.00034 0.00088 1.0234 -2.55 -0.29 18.89 48458
2460281.493849 1.00012 0.00088 1.0233 -0.85 0.91 19.51 44138
2460281.493987 1.00061 0.00088 1.0232 -0.49 -0.34 18.16 53434
2460281.494126 0.99984 0.00088 1.023 1.35 -1.7 18.16 51556
2460281.494264 1.0007 0.00088 1.0229 3.36 -1.1 18.73 49215
2460281.494402 0.99949 0.00088 1.0228 1.33 -1.38 18.67 51028
2460281.494541 1.00252 0.00088 1.0227 -1.84 0.29 17.69 55772
2460281.494679 1.00113 0.00088 1.0225 -1.99 -1.24 18.55 56679
2460281.494817 0.99956 0.00088 1.0224 -3.11 0.48 18.21 47565
2460281.494956 1.00124 0.00088 1.0223 -0.42 -0.56 18.43 51881
2460281.495095 0.99996 0.00088 1.0221 2.24 -1.57 18.94 51431
2460281.495233 1.00233 0.00088 1.022 -0.81 0.87 18.81 49060
2460281.495371 1.00236 0.00088 1.0219 1.41 0.58 18.44 50104
2460281.49551 1.00104 0.00088 1.0218 -0.05 -1.0 17.95 51415
2460281.495648 1.00093 0.00088 1.0216 1.43 1.08 18.49 46511
2460281.495787 1.00101 0.00088 1.0215 -1.14 -1.46 18.32 53224
2460281.495925 0.99933 0.00088 1.0214 1.34 0.99 18.69 51974
2460281.496064 1.00153 0.00088 1.0213 1.98 2.37 19.22 46524
2460281.496202 1.00171 0.00088 1.0212 2.1 -0.22 18.92 42804
2460281.496341 1.00061 0.00088 1.021 -0.71 0.0 18.76 45764
2460281.49648 1.00121 0.00088 1.0209 -2.62 0.48 18.07 45619
2460281.496618 1.00044 0.00088 1.0208 -4.0 0.04 18.61 48982
2460281.496756 1.00113 0.00088 1.0207 -3.39 -1.78 18.71 47765
2460281.496895 1.00149 0.00088 1.0205 -1.04 0.73 18.69 53101
2460281.497033 1.00212 0.00088 1.0204 1.86 0.81 18.55 48648
2460281.497172 0.99981 0.00088 1.0203 3.35 0.54 18.64 49759
2460281.49731 1.00213 0.00088 1.0202 3.76 1.37 18.76 48017
2460281.497449 1.00008 0.00088 1.0201 0.43 -0.36 19.92 39524
2460281.497587 1.00029 0.00088 1.02 0.52 0.45 18.32 47864
2460281.497726 1.00092 0.00088 1.0198 0.87 -0.42 18.45 46196
2460281.497864 0.99947 0.00088 1.0197 -0.13 -0.36 18.13 58259
2460281.498003 1.00108 0.00088 1.0196 0.8 -0.15 17.72 56337
2460281.498141 1.00174 0.00088 1.0195 1.88 0.47 17.92 53059
2460281.49828 1.00211 0.00088 1.0194 0.29 0.77 18.61 49914
2460281.498418 1.00096 0.00088 1.0193 -2.76 -0.79 17.49 53315
2460281.498557 1.00145 0.00088 1.0192 -2.69 -1.64 18.21 57533
2460281.498695 1.00081 0.00088 1.0191 -3.57 0.85 18.29 51080
2460281.498833 1.00066 0.00088 1.019 -1.64 -0.82 18.35 50729
2460281.498972 1.00155 0.00088 1.0188 0.95 -0.07 17.62 55458
2460281.499111 1.00024 0.00088 1.0187 1.42 -0.84 18.45 54136
2460281.499249 0.99882 0.00088 1.0186 0.2 -0.09 19.29 45174
2460281.499388 1.00065 0.00088 1.0185 -0.58 0.7 18.19 50682
2460281.499526 1.00113 0.00088 1.0184 -0.95 0.35 18.84 48369
2460281.499665 1.00124 0.00088 1.0183 -0.9 1.03 18.24 50397
2460281.499803 1.00247 0.00088 1.0182 0.0 -0.62 18.83 50982
2460281.499942 1.00057 0.00088 1.0181 -0.47 -0.85 17.59 51686
2460281.50008 1.00117 0.00088 1.018 0.69 0.07 17.14 57810
2460281.500219 1.00102 0.00088 1.0179 1.4 1.08 18.45 49825
2460281.500357 1.00195 0.00088 1.0178 0.34 -0.46 18.26 45765
2460281.500496 1.00044 0.00088 1.0177 -1.82 0.03 18.61 51942
2460281.500634 1.00098 0.00088 1.0176 -3.0 -1.02 17.92 53384
2460281.500773 1.00096 0.00088 1.0175 -2.69 -1.06 17.24 58584
2460281.500912 0.99996 0.00088 1.0174 -1.56 -1.44 18.01 45738
2460281.50105 1.00107 0.00088 1.0173 -0.58 -0.16 18.36 46124
2460281.501189 0.99985 0.00088 1.0172 -0.33 -0.21 17.95 52580
2460281.501327 0.99954 0.00088 1.0171 1.45 0.11 18.08 51513
2460281.501466 1.00135 0.00088 1.017 0.84 -1.75 17.54 59336
2460281.501604 1.00191 0.00088 1.0169 0.54 -0.18 18.24 53216
2460281.501743 0.99946 0.00088 1.0168 1.36 0.44 18.02 53179
2460281.501881 1.00113 0.00088 1.0167 -0.24 0.43 18.03 51686
2460281.50202 1.00019 0.00088 1.0166 3.16 -1.0 17.99 51749
2460281.502158 0.99975 0.00088 1.0165 1.14 0.49 18.28 50064
2460281.502297 1.00037 0.00088 1.0164 -1.62 0.2 18.34 45638
2460281.502435 1.00001 0.00088 1.0164 -3.9 -0.34 17.52 52328
2460281.502574 1.0003 0.00088 1.0163 -4.35 -0.23 18.72 48557
2460281.502712 1.00076 0.00088 1.0162 -3.68 -0.28 18.5 50710
2460281.502851 1.00014 0.00088 1.0161 -2.75 -0.68 17.64 38599
2460281.502989 1.00167 0.00088 1.016 1.93 0.84 18.1 49904
2460281.503128 1.00178 0.00088 1.0159 2.42 0.35 18.45 50456
2460281.503267 1.00033 0.00088 1.0158 0.96 0.15 18.49 45661
2460281.503405 0.99889 0.00088 1.0157 2.35 0.47 18.07 56881
2460281.503543 0.99971 0.00088 1.0156 0.63 1.17 18.32 52000
2460281.503682 1.00005 0.00088 1.0156 0.85 0.98 18.07 50406
2460281.50382 0.99938 0.00088 1.0155 1.17 0.71 17.79 50799
2460281.503959 1.0004 0.00088 1.0154 3.14 -0.03 18.39 50618
2460281.504097 1.00101 0.00088 1.0153 0.25 -0.16 19.16 40120
2460281.504236 1.00018 0.00088 1.0152 -0.81 -1.63 17.43 55449
2460281.504374 1.00036 0.00088 1.0151 -3.72 -0.29 18.54 48830
2460281.504512 1.00046 0.00088 1.0151 -3.27 -1.71 18.69 50972
2460281.504651 1.00075 0.00088 1.015 -2.74 0.08 18.4 40599
2460281.504789 0.99948 0.00087 1.0149 1.01 -0.37 18.11 49086
2460281.504928 1.00004 0.00088 1.0148 3.89 0.55 18.67 49899
2460281.505066 0.99999 0.00088 1.0147 3.37 -1.14 18.55 44179
2460281.505205 1.00037 0.00088 1.0147 2.2 0.36 19.7 47608
2460281.505343 0.99997 0.00088 1.0146 1.05 -0.02 18.46 45027
2460281.505481 0.99919 0.00088 1.0145 0.34 0.96 18.42 54288
2460281.505619 0.99943 0.00088 1.0144 1.36 1.3 18.92 44713
2460281.505758 1.00056 0.00088 1.0143 2.21 -0.87 18.75 52494
2460281.505896 1.00016 0.00087 1.0143 1.67 0.18 17.48 47661
2460281.506035 1.00009 0.00088 1.0142 1.68 -0.38 16.94 57790
2460281.506173 0.99515 0.00087 1.0141 0.13 0.12 17.56 56868
2460281.506312 1.00142 0.00088 1.014 0.36 -1.18 17.53 53156
2460281.50645 1.00105 0.00088 1.014 -1.15 -0.37 17.48 52982
2460281.506589 0.99945 0.00087 1.0139 -1.52 0.47 17.67 54791
2460281.506727 0.99989 0.00088 1.0138 1.49 -0.15 18.91 45657
2460281.506866 1.00136 0.00088 1.0138 3.49 -1.62 18.51 48412
2460281.507004 0.99998 0.00087 1.0137 2.06 -2.4 18.09 49052
2460281.507143 1.00065 0.00088 1.0136 -1.44 -1.17 17.92 47248
2460281.507281 1.00069 0.00088 1.0135 -1.06 -0.67 18.65 40480
2460281.50742 1.00108 0.00088 1.0135 1.42 -1.01 18.35 45682
2460281.507558 1.00103 0.00088 1.0134 0.86 -1.21 18.19 38913
2460281.507697 1.00026 0.00087 1.0133 1.24 1.33 18.19 40147
2460281.507835 0.99999 0.00087 1.0133 2.59 1.1 18.91 44518
2460281.507974 0.99842 0.00087 1.0132 2.38 0.46 18.1 55570
2460281.508112 0.99917 0.00087 1.0131 1.63 1.29 18.34 51658
2460281.508251 1.00121 0.00088 1.0131 0.13 1.49 18.01 47606
2460281.508389 1.0011 0.00087 1.013 -2.17 0.23 17.28 51746
2460281.508528 1.00034 0.00087 1.013 -1.96 0.66 18.31 42115
2460281.508667 1.0005 0.00087 1.0129 -0.56 -0.3 18.1 45713
2460281.508805 1.00089 0.00087 1.0128 1.95 -0.31 18.06 54502
2460281.508944 1.00053 0.00087 1.0128 -0.22 -1.01 17.64 45344
2460281.509082 1.00171 0.00087 1.0127 -1.8 -1.83 17.54 44694
2460281.509221 1.00096 0.00087 1.0126 -1.56 -2.06 17.48 45507
2460281.509359 1.00046 0.00087 1.0126 -1.9 -2.02 18.15 41885
2460281.509498 0.99943 0.00087 1.0125 -0.2 -2.02 17.83 45965
2460281.509636 1.00086 0.00087 1.0125 0.66 -0.02 17.43 42294
2460281.509775 0.99852 0.00087 1.0124 2.44 0.12 18.4 44435
2460281.510191 1.00168 0.00087 1.0122 -2.12 1.13 18.68 39314
2460281.510329 1.00047 0.00087 1.0122 -1.48 3.19 18.94 40700
2460281.510468 1.00085 0.00087 1.0121 -3.02 0.33 17.85 48468
2460281.510606 0.99892 0.00087 1.0121 -2.21 -0.1 18.32 34691
2460281.510745 0.99963 0.00087 1.012 1.78 1.4 18.35 42735
2460281.510883 0.99913 0.00087 1.012 1.67 1.2 18.64 32496
2460281.511022 0.99945 0.00087 1.0119 0.8 0.03 18.3 35088
2460281.51116 0.99968 0.00087 1.0119 -1.85 -0.58 18.58 36601
2460281.511299 1.00029 0.00087 1.0118 -0.76 -0.47 18.26 29212
2460281.511437 1.00006 0.00087 1.0118 -0.4 -0.74 18.71 35404
2460281.511576 0.99957 0.00087 1.0117 0.81 0.57 19.29 35098
2460281.511714 0.99948 0.00087 1.0117 2.65 0.16 19.43 32272
2460281.511853 0.9987 0.00087 1.0116 3.28 -0.18 18.65 36417
2460281.511992 0.99933 0.00087 1.0116 -0.84 2.0 18.74 37248
2460281.51213 1.00051 0.00087 1.0115 0.21 0.48 19.68 27597
2460281.512268 1.0012 0.00087 1.0115 -0.75 0.14 18.0 37777
2460281.512407 0.99904 0.00087 1.0114 -0.88 1.71 18.8 42901
2460281.512546 1.00019 0.00087 1.0114 1.4 -0.23 19.23 35625
2460281.512684 0.99997 0.00087 1.0114 -0.29 0.71 18.66 39333
2460281.512822 0.99739 0.00087 1.0113 -0.18 -0.69 18.23 39742
2460281.512961 1.00014 0.00087 1.0113 -0.44 -1.99 18.59 38531
2460281.5131 0.99938 0.00087 1.0112 -1.08 0.67 0.0 41
2460281.513238 0.99883 0.00087 1.0112 -1.18 1.34 0.0 47
2460281.513376 0.99984 0.00087 1.0111 0.21 -0.04 18.36 31056
2460281.513515 0.99934 0.00087 1.0111 1.31 1.03 19.79 33770
2460281.513654 1.00073 0.00087 1.0111 1.82 0.36 18.74 46326
2460281.513792 0.99886 0.00087 1.011 4.17 0.33 19.25 37249
2460281.513931 1.00045 0.00087 1.011 3.52 -0.29 18.91 32769
2460281.514069 0.99913 0.00087 1.011 3.47 -0.91 19.23 31928
2460281.514208 0.99881 0.00087 1.0109 2.96 -1.04 19.24 31701
2460281.514346 0.99971 0.00087 1.0109 0.97 1.11 18.65 31358
2460281.514485 1.00226 0.00087 1.0108 0.1 -1.06 19.91 27656
2460281.514624 1.00081 0.00087 1.0108 -1.2 -0.04 18.7 33561
2460281.514762 0.99929 0.00087 1.0108 -1.02 -1.26 19.64 29463
2460281.514901 1.00221 0.00087 1.0107 -2.79 -0.33 18.77 30373
2460281.515039 1.00059 0.00087 1.0107 -3.78 0.29 20.31 24807
2460281.515178 0.9995 0.00087 1.0107 -4.53 -0.28 20.15 25818
2460281.515316 0.99791 0.00087 1.0106 -4.19 0.07 19.39 26594
2460281.515455 1.00049 0.00087 1.0106 -1.44 -1.5 19.81 22841
2460281.515593 0.99903 0.00087 1.0106 2.42 0.81 19.92 24461
2460281.515732 1.0003 0.00087 1.0106 4.59 -2.38 19.64 24434
2460281.515871 0.99886 0.00087 1.0105 7.99 0.85 19.54 30655
2460281.51601 0.99993 0.00087 1.0105 8.14 0.31 20.19 24206
2460281.516148 1.00074 0.00087 1.0105 -1.56 0.22 20.75 23690
2460281.516287 1.00117 0.00087 1.0104 -1.35 -1.15 20.16 27387
2460281.516425 1.00105 0.00087 1.0104 -1.24 -2.57 20.64 22679
2460281.516564 0.99975 0.00087 1.0104 -2.47 -0.83 20.6 23219
2460281.516702 1.0014 0.00087 1.0104 0.02 0.53 19.68 25636
2460281.516841 1.00025 0.00087 1.0103 -0.94 -1.11 20.23 23136
2460281.516979 0.99971 0.00087 1.0103 -3.39 0.71 19.99 28087
2460281.517118 1.00065 0.00087 1.0103 -1.96 -1.42 19.38 24757
2460281.517256 0.99972 0.00087 1.0103 -1.69 -0.37 19.76 28492
2460281.517395 0.99951 0.00087 1.0103 -0.35 1.17 19.63 28744
2460281.517532 0.99902 0.00087 1.0102 1.25 0.86 20.02 27891
2460281.517671 0.99951 0.00087 1.0102 4.85 0.19 19.26 24797
2460281.517809 1.0 0.00087 1.0102 5.78 -0.04 19.86 26155
2460281.517948 0.99952 0.00087 1.0102 0.32 2.46 19.33 30781
2460281.518086 1.00015 0.00087 1.0102 -2.46 0.05 19.32 28906
2460281.518225 1.00069 0.00087 1.0101 -0.93 0.14 19.8 30715
2460281.518363 0.99993 0.00087 1.0101 -0.7 -0.41 20.02 27481
2460281.518502 1.00055 0.00087 1.0101 -1.16 1.88 19.5 30397
2460281.51864 1.00031 0.00087 1.0101 -2.47 0.48 18.98 28759
2460281.518779 1.00006 0.00087 1.0101 -1.62 1.34 18.83 36620
2460281.518917 0.9997 0.00087 1.0101 -4.29 1.11 19.63 28778
2460281.519056 1.00056 0.00087 1.01 -3.87 1.71 19.23 26718
2460281.519194 1.00016 0.00087 1.01 -0.04 0.78 19.8 27926
2460281.519333 0.99944 0.00087 1.01 1.9 0.12 19.7 29688
2460281.519471 1.00116 0.00087 1.01 2.01 -1.44 19.09 26632
2460281.51961 1.00029 0.00087 1.01 5.06 -1.34 19.99 30158
2460281.519748 1.0009 0.00087 1.01 2.59 -0.09 19.09 29584
2460281.519887 0.99917 0.00087 1.01 2.42 0.36 19.85 30846
2460281.520025 0.99978 0.00087 1.01 1.61 -1.05 19.92 28832
2460281.520164 1.00098 0.00087 1.0099 1.06 1.08 20.18 27598
2460281.520302 1.00053 0.00087 1.0099 0.19 0.79 18.79 30729
2460281.520441 0.99992 0.00087 1.0099 0.19 -0.45 19.82 29504
2460281.520579 1.00007 0.00087 1.0099 -1.2 -0.94 18.95 27899
2460281.520718 1.00096 0.00087 1.0099 -2.85 -2.8 19.55 23486
2460281.520857 0.99997 0.00087 1.0099 -4.1 -1.46 19.67 26035
2460281.520995 0.99851 0.00087 1.0099 -1.13 2.23 20.26 30443
2460281.521134 1.00121 0.00087 1.0099 -0.71 1.84 19.39 35913
2460281.521273 1.00067 0.00087 1.0099 0.02 1.22 18.78 37599
2460281.521411 0.99945 0.00087 1.0099 2.7 0.91 18.15 40074
2460281.52155 1.0003 0.00087 1.0099 5.02 0.11 19.37 36620
2460281.521688 0.99909 0.00087 1.0099 5.76 0.93 19.52 36987
2460281.521826 0.99913 0.00087 1.0099 5.72 0.2 19.32 36997
2460281.521965 0.99941 0.00087 1.0099 5.93 -1.45 19.31 30819
2460281.522104 1.00032 0.00087 1.0099 3.45 0.59 21.29 25707
2460281.522242 0.99989 0.00087 1.0099 -0.91 1.29 19.43 33504
2460281.522381 0.99909 0.00087 1.0099 -1.82 0.64 19.37 34637
2460281.522519 0.99988 0.00087 1.0099 -3.0 0.53 19.25 32226
2460281.522658 0.9994 0.00087 1.0099 -4.41 1.22 20.39 27580
2460281.522796 1.00048 0.00087 1.0099 -2.15 -1.03 19.88 26426
2460281.522935 0.9981 0.00087 1.0099 -2.81 -0.33 20.07 28097
2460281.523073 1.0008 0.00087 1.0099 -1.21 -0.41 19.76 29462
2460281.523212 1.00196 0.00087 1.0099 -1.3 0.65 19.34 36942
2460281.523351 1.00054 0.00087 1.0099 3.52 1.09 20.14 31192
2460281.523489 0.99922 0.00087 1.0099 6.27 -0.08 19.25 38253
2460281.523627 0.9986 0.00087 1.0099 10.0 0.62 19.27 44953
2460281.523766 0.99871 0.00087 1.0099 10.11 -0.26 18.64 46756
2460281.523904 0.99886 0.00087 1.0099 5.48 0.48 22.56 36668
2460281.524043 0.99908 0.00087 1.01 -2.5 1.18 19.08 41787
2460281.524182 0.99873 0.00087 1.01 -4.31 0.11 18.53 38849
2460281.52432 1.00002 0.00087 1.01 -5.95 -1.08 18.46 39328
2460281.524459 1.00042 0.00087 1.01 -5.72 -0.04 18.26 38031
2460281.524597 1.00012 0.00087 1.01 -1.81 0.97 18.95 45346
2460281.524736 1.00032 0.00087 1.01 -1.42 0.93 19.26 40381
2460281.524874 1.00067 0.00087 1.01 1.82 -0.42 19.52 40578
2460281.525013 1.00036 0.00087 1.01 4.46 0.33 18.88 39951
2460281.525151 1.0018 0.00087 1.01 4.61 1.04 19.16 42184
2460281.52529 0.99783 0.00087 1.0101 8.09 0.42 19.45 41535
2460281.525428 0.9987 0.00087 1.0101 12.0 0.15 19.35 46705
2460281.525566 0.99927 0.00087 1.0101 14.02 0.15 18.23 46749
2460281.525705 0.99944 0.00087 1.0101 6.5 0.39 29.84 25606
2460281.525844 0.99922 0.00087 1.0101 -3.67 -0.7 19.09 36186
2460281.525982 0.99995 0.00087 1.0101 -8.33 -0.71 0.0 50
2460281.52612 0.99953 0.00087 1.0102 -13.05 0.24 0.0 47
2460281.526259 1.00017 0.00087 1.0102 -12.97 -0.11 0.0 51
2460281.526398 0.99842 0.00087 1.0102 -2.16 0.8 18.94 52061
2460281.526536 0.99936 0.00087 1.0102 -1.58 0.24 17.71 49574
2460281.526674 1.00042 0.00087 1.0102 -0.89 -1.29 18.32 49041
2460281.526813 1.00023 0.00087 1.0103 1.01 1.01 18.62 44107
2460281.526951 0.99974 0.00087 1.0103 5.49 -0.29 19.43 36556
2460281.52709 0.99957 0.00087 1.0103 6.51 -1.19 18.86 43036
2460281.527229 0.99925 0.00087 1.0103 10.29 -0.75 18.84 40660
2460281.527367 0.99791 0.00087 1.0104 14.38 -0.85 19.03 48405
2460281.527506 1.00032 0.00087 1.0104 9.94 1.07 29.02 27805
2460281.527644 1.00017 0.00087 1.0104 0.4 1.18 19.07 39009
2460281.527783 0.99948 0.00087 1.0104 -5.06 0.21 18.99 41263
2460281.527922 0.99907 0.00087 1.0105 -8.66 0.01 18.95 43823
2460281.52806 1.00025 0.00087 1.0105 -11.36 0.19 17.93 45247
2460281.528198 0.9994 0.00087 1.0105 -3.19 -0.88 17.61 52215
2460281.528337 0.99971 0.00087 1.0105 -3.52 -1.49 17.76 50461
2460281.528475 1.00002 0.00087 1.0106 -3.46 -0.38 17.61 52796
2460281.528614 1.00056 0.00087 1.0106 -2.07 -0.36 17.72 53985
2460281.528752 1.00044 0.00087 1.0106 1.2 -0.03 18.77 40467
2460281.528891 1.00138 0.00087 1.0107 4.44 -0.2 18.84 49034
2460281.52903 0.99936 0.00087 1.0107 6.19 0.49 18.65 48346
2460281.529168 1.00036 0.00087 1.0107 7.41 -1.08 18.05 58766
2460281.529306 0.9997 0.00087 1.0108 6.65 0.43 21.13 38868
2460281.529444 0.99872 0.00087 1.0108 0.54 -0.81 17.82 53291
2460281.529583 0.99913 0.00087 1.0108 -1.61 -0.37 18.98 41919
2460281.529721 0.99965 0.00087 1.0109 -4.35 -0.34 18.69 44687
2460281.52986 1.00033 0.00087 1.0109 -7.41 0.79 18.81 44360
2460281.529998 0.99816 0.00087 1.0109 -3.73 -0.19 18.3 52694
2460281.530137 0.99964 0.00087 1.011 -3.09 0.9 18.58 50242
2460281.530275 1.00023 0.00087 1.011 -1.55 -0.49 18.96 47240
2460281.530414 1.001 0.00087 1.011 0.08 -0.26 17.98 52639
2460281.530553 0.99969 0.00087 1.0111 1.93 -0.42 18.78 51434
2460281.530691 0.99982 0.00087 1.0111 3.91 -0.1 18.99 46161
2460281.53083 0.99974 0.00087 1.0112 4.91 -0.3 18.48 50119
2460281.530969 0.99944 0.00087 1.0112 5.87 -1.28 18.4 49469
2460281.531107 0.99911 0.00087 1.0112 5.54 -1.28 21.82 36387
2460281.531246 0.99979 0.00087 1.0113 1.93 1.21 18.29 50061
2460281.531385 1.00033 0.00087 1.0113 1.66 0.42 18.65 48458
2460281.531523 1.00178 0.00087 1.0114 -0.42 -0.27 18.69 44718
2460281.531662 0.99941 0.00087 1.0114 -3.35 0.35 18.83 43580
2460281.5318 1.00077 0.00087 1.0115 -3.28 0.93 18.44 57479
2460281.531939 0.99904 0.00087 1.0115 -4.23 0.3 17.83 49250
2460281.532077 1.00038 0.00087 1.0116 -5.92 0.34 18.04 50062
2460281.532216 0.99898 0.00087 1.0116 -3.27 2.11 18.76 51341
2460281.532354 0.99957 0.00087 1.0117 4.43 1.25 19.87 42156
2460281.532493 0.99922 0.00087 1.0117 2.71 -0.37 17.84 54788
2460281.532632 1.00097 0.00087 1.0117 3.0 0.06 17.84 58989
2460281.53277 1.0003 0.00087 1.0118 4.91 0.13 18.87 50029
2460281.532909 1.00041 0.00087 1.0118 3.78 -1.23 19.58 39872
2460281.533047 1.00001 0.00087 1.0119 0.3 -0.5 18.11 53314
2460281.533186 1.00002 0.00087 1.012 3.13 -2.09 18.06 54106
2460281.533325 1.00063 0.00087 1.012 3.32 -2.99 18.87 52678
2460281.533463 1.00079 0.00087 1.0121 2.65 -1.13 18.89 46844
2460281.533601 0.99889 0.00087 1.0121 -2.23 0.37 18.3 50573
2460281.53374 1.00044 0.00087 1.0122 -3.27 0.3 18.71 43446
2460281.533878 0.99886 0.00087 1.0122 -2.91 -0.23 18.9 51202
2460281.534017 0.99966 0.00087 1.0123 -1.99 0.67 18.27 50109
2460281.534155 1.00105 0.00087 1.0123 0.5 -0.05 19.24 40332
2460281.534294 0.99866 0.00087 1.0124 1.86 -0.47 18.02 52230
2460281.534432 0.9994 0.00087 1.0124 2.78 -0.35 19.16 48390
2460281.534571 0.99878 0.00087 1.0125 2.41 -0.01 18.57 47037
2460281.534709 0.99934 0.00087 1.0126 2.65 -0.55 18.88 48988
2460281.534848 0.99931 0.00087 1.0126 1.74 -0.36 18.15 47553
2460281.534986 1.002 0.00088 1.0127 1.86 0.08 18.83 44310
2460281.535125 0.99955 0.00087 1.0127 2.22 -0.17 18.6 52197
2460281.535264 0.99877 0.00087 1.0128 3.64 0.1 18.37 49620
2460281.535403 0.99847 0.00087 1.0129 1.57 -0.78 18.69 47944
2460281.535541 1.00212 0.00088 1.0129 -0.25 -1.62 18.81 50623
2460281.53568 1.00126 0.00088 1.013 -1.58 -1.13 18.25 53731
2460281.535819 1.00074 0.00088 1.013 -1.0 -1.1 19.0 53676
2460281.535957 1.00023 0.00087 1.0131 1.57 -0.75 18.7 47502
2460281.536095 0.99885 0.00087 1.0132 2.47 0.03 18.71 47746
2460281.536234 0.99811 0.00087 1.0132 2.9 -0.56 17.67 56718
2460281.536373 0.99974 0.00087 1.0133 3.44 0.56 18.65 50167
2460281.536511 0.9992 0.00087 1.0134 1.48 -0.09 19.11 43131
2460281.53665 0.99921 0.00087 1.0134 0.47 -0.41 18.27 53630
2460281.536788 0.99928 0.00087 1.0135 -0.15 -1.23 18.26 52021
2460281.536927 1.00024 0.00087 1.0136 1.63 -1.04 18.49 55315
2460281.537066 0.99996 0.00087 1.0136 3.0 -0.96 18.73 48765
2460281.537204 0.9992 0.00087 1.0137 2.0 0.45 18.33 50093
2460281.537343 0.99874 0.00087 1.0138 4.05 -0.08 17.66 53056
2460281.537481 0.99829 0.00087 1.0139 2.27 0.17 18.08 49539
2460281.53762 0.99946 0.00087 1.0139 1.2 -0.25 18.04 55845
2460281.537759 1.00127 0.00088 1.014 0.28 -1.09 18.5 50304
2460281.537897 1.0002 0.00088 1.0141 -0.27 -0.03 18.69 49223
2460281.538035 1.00035 0.00088 1.0142 1.57 -2.33 18.1 52012
2460281.538174 1.00007 0.00087 1.0142 0.35 -0.59 18.69 55011
2460281.538312 0.99977 0.00087 1.0143 1.88 0.04 19.19 46491
2460281.538451 0.99958 0.00087 1.0144 -1.22 0.23 18.11 53086
2460281.538589 0.99836 0.00087 1.0144 -1.71 0.31 18.49 48634
2460281.538728 1.00009 0.00088 1.0145 -1.7 1.1 18.56 53764
2460281.538866 1.00003 0.00088 1.0146 -2.32 -0.23 17.4 55782
2460281.539005 0.99805 0.00087 1.0147 1.99 0.98 18.8 54034
2460281.539143 0.99843 0.00087 1.0148 4.54 -0.99 19.09 51844
2460281.539281 0.99981 0.00088 1.0148 4.62 -0.2 18.67 55522
2460281.53942 0.99905 0.00087 1.0149 4.66 -1.33 0.0 48
2460281.539559 0.99847 0.00087 1.015 2.79 -0.55 0.0 49
2460281.539697 1.00012 0.00088 1.0151 -1.38 0.23 18.5 54125
2460281.539836 1.00155 0.00088 1.0152 -2.16 -0.06 18.04 52000
2460281.539974 0.99939 0.00088 1.0153 -1.18 0.31 17.84 53216
2460281.540113 1.00062 0.00088 1.0153 -1.51 -1.61 18.87 52787
2460281.540252 0.99876 0.00088 1.0154 -2.64 -0.48 19.02 47258
2460281.54039 0.99866 0.00088 1.0155 -3.24 -0.55 18.52 50349
2460281.540529 1.00002 0.00088 1.0156 -5.61 -1.36 17.85 52990
2460281.540667 0.9996 0.00088 1.0157 -5.37 -1.37 17.84 54104
2460281.540806 0.99939 0.00088 1.0158 1.74 -1.18 18.34 52150
2460281.540944 0.99813 0.00088 1.0158 2.8 0.88 19.17 47195
2460281.541082 0.99975 0.00088 1.0159 5.82 -0.95 19.28 42316
2460281.541221 0.9983 0.00088 1.016 8.3 0.66 18.5 50478
2460281.541359 0.9992 0.00088 1.0161 4.53 -0.18 19.8 42827
2460281.541497 1.0005 0.00088 1.0162 0.28 -0.79 19.04 49548
2460281.541636 0.99936 0.00088 1.0163 -0.78 -0.48 18.09 49907
2460281.541774 0.99931 0.00088 1.0164 0.55 -1.16 17.96 53401
2460281.541913 1.00053 0.00088 1.0165 0.46 -0.08 19.22 44497
2460281.542051 0.99826 0.00088 1.0166 0.01 0.69 18.4 56185
2460281.54219 0.99896 0.00088 1.0167 -0.68 0.49 18.7 47292
2460281.542328 1.00106 0.00088 1.0168 -3.25 1.26 18.39 48416
2460281.542467 0.9999 0.00088 1.0169 -4.26 0.14 18.65 47172
2460281.542605 1.00088 0.00088 1.017 1.67 0.56 18.29 54345
2460281.542743 0.99866 0.00088 1.017 0.33 -1.52 18.98 45916
2460281.542882 0.99976 0.00088 1.0171 4.82 -1.94 19.79 44649
2460281.54302 0.99966 0.00088 1.0172 3.95 -0.14 19.72 37806
2460281.543159 1.00097 0.00088 1.0173 3.85 0.45 19.66 41336
2460281.543297 0.99862 0.00088 1.0174 3.81 -0.49 18.64 51324
2460281.543436 0.99901 0.00088 1.0175 0.4 0.46 18.82 51146
2460281.543575 1.00068 0.00088 1.0176 0.06 0.02 19.18 46697
2460281.543713 0.9998 0.00088 1.0177 -0.47 -0.08 18.7 51507
2460281.543852 1.00028 0.00088 1.0178 0.67 0.99 19.21 47660
2460281.54399 0.99934 0.00088 1.0179 -1.01 -0.07 18.77 48772
2460281.544129 0.99911 0.00088 1.018 -1.14 -0.33 19.02 45912
2460281.544267 1.00056 0.00088 1.0182 -4.81 -0.74 18.5 52790
2460281.544406 0.99932 0.00088 1.0183 -0.54 -0.0 18.92 51355
2460281.544544 1.00019 0.00088 1.0184 -1.35 0.35 18.75 50416
2460281.544683 0.99875 0.00088 1.0185 0.52 -0.9 19.06 44577
2460281.544821 0.99965 0.00088 1.0186 1.67 0.06 18.93 45890
2460281.545098 0.99765 0.00088 1.0188 5.68 -0.08 18.99 46106
2460281.545237 0.99952 0.00088 1.0189 7.02 -0.74 18.69 46828
2460281.545375 0.99791 0.00088 1.019 4.71 -0.82 19.23 47514
2460281.545513 0.99865 0.00088 1.0191 3.12 -0.29 20.18 39704
2460281.545652 1.00017 0.00088 1.0192 0.22 0.09 18.85 46018
2460281.54579 0.99879 0.00088 1.0193 1.45 -0.34 18.55 51009
2460281.545929 0.9993 0.00088 1.0194 1.93 0.81 19.19 49027
2460281.546067 0.99848 0.00088 1.0196 2.44 -0.13 19.0 49553
2460281.546206 0.99983 0.00088 1.0197 1.14 -0.8 19.66 46017
2460281.546345 0.99931 0.00088 1.0198 -0.57 -0.62 18.85 50350
2460281.546483 0.99931 0.00088 1.0199 -0.28 -1.16 18.6 47621
2460281.546622 0.99872 0.00088 1.02 0.97 0.37 18.9 46223
2460281.546761 1.00063 0.00088 1.0201 0.81 -0.54 18.98 47289
2460281.546899 0.99839 0.00088 1.0202 0.89 -0.14 18.98 47032
2460281.547038 0.99895 0.00088 1.0204 2.89 -0.38 19.45 50149
2460281.547176 0.99867 0.00088 1.0205 2.29 -0.95 19.45 45065
2460281.547315 1.00013 0.00088 1.0206 -0.16 0.16 20.73 37539
2460281.547454 0.99983 0.00088 1.0207 -1.4 -0.08 19.47 49900
2460281.547592 0.9996 0.00088 1.0208 -2.09 -1.19 19.48 43779
2460281.547731 0.99798 0.00088 1.021 -1.77 0.2 19.62 44412
2460281.547869 1.00033 0.00088 1.0211 -0.15 -0.18 19.23 45124
2460281.548008 1.00013 0.00088 1.0212 0.36 0.78 19.41 46704
2460281.548146 0.99844 0.00088 1.0213 0.96 0.96 20.03 47907
2460281.548284 0.99965 0.00088 1.0214 0.81 -0.58 19.42 44937
2460281.548423 1.00004 0.00088 1.0216 1.87 0.11 19.17 45150
2460281.548561 0.99802 0.00088 1.0217 2.44 0.74 20.1 43539
2460281.5487 1.00048 0.00088 1.0218 2.41 0.32 19.68 42402
2460281.548838 0.99956 0.00088 1.0219 3.22 0.87 20.32 43055
2460281.548977 0.99899 0.00088 1.0221 2.96 -1.08 20.23 40560
2460281.549115 0.99956 0.00088 1.0222 2.43 -1.2 20.84 40814
2460281.549254 0.99847 0.00088 1.0223 -2.33 -1.08 20.58 32721
2460281.549392 0.99924 0.00088 1.0225 -4.82 0.78 20.42 37529
2460281.549531 1.00079 0.00088 1.0226 -5.16 1.09 20.48 40540
2460281.54967 0.99949 0.00088 1.0227 -5.32 0.7 20.11 44899
2460281.549808 0.99827 0.00088 1.0228 1.05 -0.35 20.4 41614
2460281.549946 0.99895 0.00088 1.023 0.65 -0.28 20.14 41050
2460281.550085 0.99851 0.00088 1.0231 1.25 -0.28 19.6 43290
2460281.550223 1.00012 0.00088 1.0232 1.39 -1.63 20.13 40062
2460281.550362 0.99914 0.00088 1.0234 0.31 -1.0 20.12 36048
2460281.5505 0.99984 0.00088 1.0235 2.88 -0.52 19.87 43593
2460281.550639 0.99792 0.00088 1.0236 0.68 -0.46 19.99 35361
2460281.550778 1.00076 0.00088 1.0238 2.6 -0.33 19.67 34959
2460281.550916 0.99853 0.00088 1.0239 3.52 -0.89 20.95 31931
2460281.551055 1.00026 0.00088 1.024 0.51 -1.2 19.23 35451
2460281.551193 1.00115 0.00088 1.0242 -1.66 -0.29 19.49 39910
2460281.551332 0.99988 0.00088 1.0243 -3.49 -0.96 19.88 34125
2460281.551471 1.00015 0.00088 1.0245 -4.13 -1.94 20.08 35243
2460281.551609 1.00173 0.00089 1.0246 0.33 -0.01 20.05 32734
2460281.551748 1.00024 0.00088 1.0247 1.79 -0.07 19.8 38188
2460281.551886 1.00065 0.00089 1.0249 2.62 0.66 20.05 37669
2460281.552025 0.99947 0.00088 1.025 2.72 0.07 20.1 43333
2460281.552163 0.99948 0.00089 1.0252 1.59 -1.0 20.01 31331
2460281.552302 0.99858 0.00088 1.0253 0.47 -0.88 19.98 36560
2460281.55244 0.99961 0.00089 1.0255 2.3 0.47 20.33 41248
2460281.552579 1.00028 0.00089 1.0256 3.36 -0.48 21.06 33184
2460281.552718 0.99977 0.00089 1.0257 2.58 0.0 21.03 33909
2460281.552856 1.0014 0.00089 1.0259 1.98 -1.36 19.63 37365
2460281.552995 0.99931 0.00089 1.026 1.79 -0.58 20.25 37611
2460281.553133 1.00153 0.00089 1.0262 -0.22 -0.82 20.12 35478
2460281.553272 1.00093 0.00089 1.0263 -3.6 0.08 20.78 33224
2460281.55341 1.00078 0.00089 1.0265 -0.96 -0.12 20.46 36231
2460281.553549 1.00026 0.00089 1.0266 1.23 0.8 20.6 37732
2460281.553687 0.9997 0.00089 1.0268 1.27 0.28 19.79 41435
2460281.553826 1.00271 0.00089 1.0269 0.95 -0.39 20.61 37559
2460281.553964 0.99936 0.00089 1.0271 -0.82 -0.68 20.31 39320
2460281.554103 1.00092 0.00089 1.0272 0.52 -0.44 20.29 38629
2460281.554241 0.99935 0.00089 1.0274 0.28 0.96 20.17 37251
2460281.55438 1.00075 0.00089 1.0275 1.45 -1.78 20.97 34901
2460281.554518 0.9994 0.00089 1.0277 2.55 -0.09 21.22 34556
2460281.554657 0.99991 0.00089 1.0278 1.11 -1.26 20.29 33365
2460281.554795 1.00005 0.00089 1.028 1.95 -1.66 19.61 36932
2460281.554934 1.00042 0.00089 1.0282 0.9 -1.17 20.24 35046
2460281.555072 1.00008 0.00089 1.0283 -0.53 -2.31 19.92 36255
2460281.555211 1.0009 0.00089 1.0285 -0.36 0.79 20.7 37930
2460281.555349 1.00045 0.00089 1.0286 -2.69 0.53 20.11 33128
2460281.555488 1.00089 0.00089 1.0288 -0.81 -0.23 20.02 33101
2460281.555626 1.00103 0.00089 1.0289 1.33 -1.12 20.25 37660
2460281.555765 0.99989 0.00089 1.0291 1.01 -0.67 19.79 40518
2460281.555903 1.00155 0.00089 1.0293 0.59 -0.08 20.4 43452
2460281.556042 1.00116 0.00089 1.0294 1.71 -0.45 20.57 39780
2460281.55618 1.00028 0.00089 1.0296 0.93 -1.02 19.93 37132
2460281.556319 0.99907 0.00089 1.0297 1.76 0.01 20.32 36570
2460281.556458 0.99994 0.00089 1.0299 1.32 -0.14 20.43 38295
2460281.556596 0.99952 0.00089 1.0301 2.27 -0.14 20.02 38761
2460281.556735 0.99923 0.00089 1.0302 3.38 -1.13 20.44 42614
2460281.556873 1.00035 0.00089 1.0304 3.59 -1.2 20.03 36764
2460281.557012 1.00097 0.00089 1.0306 -0.84 1.78 20.56 31081
2460281.55715 0.99938 0.00089 1.0307 -2.86 1.64 20.88 40028
2460281.557289 1.00002 0.00089 1.0309 -3.69 0.33 20.78 35085
2460281.557566 1.00263 0.00089 1.0312 1.04 -0.99 21.84 27316
2460281.557704 1.00186 0.00089 1.0314 1.53 -0.62 20.63 35938
2460281.557843 0.99983 0.00089 1.0316 1.44 -1.46 21.21 35502
2460281.557982 1.00028 0.00089 1.0318 2.68 -0.41 20.46 33538
2460281.55812 0.99928 0.00089 1.0319 1.49 -0.25 20.34 37099
2460281.558258 1.00152 0.00089 1.0321 1.72 -1.85 20.38 32909
2460281.558397 0.99997 0.00089 1.0323 2.67 -0.29 20.37 39460
2460281.558536 0.99897 0.00089 1.0324 2.82 -2.22 20.81 30818
2460281.558674 0.9996 0.00089 1.0326 3.53 -2.81 20.57 35597
2460281.558813 1.00089 0.00089 1.0328 1.12 0.82 20.8 30061
2460281.558951 0.99956 0.00089 1.033 1.84 0.0 21.91 31624
2460281.55909 1.00078 0.00089 1.0331 -0.57 -0.88 20.72 31282
2460281.559228 1.00052 0.00089 1.0333 -2.52 -0.63 20.0 35535
2460281.559367 0.99946 0.00089 1.0335 0.62 0.0 22.13 31085
2460281.559506 1.00005 0.00089 1.0337 3.23 -0.61 20.74 36507
2460281.559644 0.99999 0.00089 1.0339 2.31 -0.74 20.44 40089
2460281.559783 1.00026 0.00089 1.0341 2.1 -0.15 21.35 37572
2460281.559921 1.00123 0.00089 1.0342 0.41 0.02 0.0 61
2460281.560059 1.00087 0.00089 1.0344 0.09 0.9 0.0 50
2460281.560198 0.99806 0.00089 1.0346 2.5 0.63 21.32 37657
2460281.560336 0.99909 0.00089 1.0348 0.25 -0.44 20.74 35215
2460281.560475 0.99996 0.00089 1.035 1.18 -0.09 20.78 32575
2460281.560613 0.99985 0.00089 1.0351 2.38 -1.02 21.27 29273
2460281.560752 1.00043 0.00089 1.0353 2.67 -1.03 20.62 30920
2460281.56089 1.00042 0.00089 1.0355 1.75 -1.5 20.9 33251
2460281.561029 1.00072 0.00089 1.0357 0.06 -1.09 20.86 30772
2460281.561167 1.00142 0.00089 1.0359 -0.6 -0.82 21.01 32070
2460281.561306 1.00043 0.00089 1.0361 1.3 0.34 20.79 33729
2460281.561445 1.00018 0.00089 1.0363 2.9 -0.28 21.04 31851
2460281.561583 1.00127 0.00089 1.0365 1.45 -0.63 20.98 32461
2460281.561722 1.00208 0.0009 1.0367 0.84 -1.18 21.2 31303
2460281.56186 0.99969 0.00089 1.0368 -1.32 -0.65 20.52 34035
2460281.561999 1.00328 0.0009 1.037 -0.57 -1.37 20.73 35412
2460281.562138 1.00089 0.0009 1.0372 -0.43 -0.63 20.82 32111
2460281.562276 1.00059 0.0009 1.0374 0.02 -0.86 20.97 33065
2460281.562414 0.99868 0.00089 1.0376 0.6 0.32 21.19 32756
2460281.562553 0.99963 0.00089 1.0378 0.46 -1.31 20.95 32990
2460281.562691 1.00192 0.0009 1.038 1.09 -0.39 20.44 32223
2460281.56283 1.0007 0.0009 1.0382 1.5 -1.42 21.41 35131
2460281.562969 0.99974 0.00089 1.0384 0.11 -1.2 21.65 32285
2460281.563107 1.00124 0.0009 1.0386 -2.56 -0.7 21.24 33428
2460281.563246 1.00015 0.0009 1.0388 -1.21 -0.93 21.0 34356
2460281.563384 0.99994 0.0009 1.039 1.07 -0.34 21.63 32000
2460281.563523 1.00154 0.0009 1.0392 0.14 -0.78 20.72 30749
2460281.563661 1.00118 0.0009 1.0394 0.49 -0.81 21.41 30920
2460281.5638 1.00053 0.0009 1.0396 -0.65 -0.24 21.46 32127
2460281.563938 1.00147 0.0009 1.0398 -2.99 -0.92 21.32 32276
2460281.564077 1.00229 0.0009 1.04 0.06 -0.65 21.19 32883
2460281.564215 1.00062 0.0009 1.0402 -0.19 -0.87 21.71 31099
2460281.564354 1.00081 0.0009 1.0404 1.28 -1.95 21.57 30237
2460281.564492 0.99971 0.0009 1.0406 3.09 -1.33 21.27 32168
2460281.56463 1.00048 0.0009 1.0408 3.37 -1.73 20.69 33283
2460281.564769 1.00117 0.0009 1.041 1.19 -0.36 22.84 28782
2460281.564907 0.99931 0.0009 1.0412 -1.04 -1.34 21.26 31221
2460281.565046 0.99909 0.0009 1.0414 -2.97 0.03 21.05 35803
2460281.565185 1.00043 0.0009 1.0416 -2.45 -0.12 21.09 31763
2460281.565322 1.00136 0.0009 1.0419 -0.88 -0.55 21.0 30253
2460281.565461 1.00213 0.0009 1.0421 0.4 -0.13 21.01 30928
2460281.5656 1.00089 0.0009 1.0423 0.73 -0.64 21.43 31645
2460281.565738 1.00099 0.0009 1.0425 -1.05 -0.36 21.23 34176
2460281.565877 0.99957 0.0009 1.0427 -1.43 -0.69 21.35 31684
2460281.566015 1.00105 0.0009 1.0429 0.58 -1.31 22.0 27486
2460281.566154 0.99967 0.0009 1.0431 1.94 -1.71 22.29 31994
2460281.566292 0.99777 0.0009 1.0433 3.13 -0.87 21.15 36850
2460281.566431 1.00025 0.0009 1.0436 3.62 -4.27 22.59 30544
2460281.566569 0.99962 0.0009 1.0438 2.99 -0.03 22.1 27337
2460281.566708 0.99984 0.0009 1.044 1.85 -0.05 21.18 32943
2460281.566846 0.99911 0.0009 1.0442 1.8 -0.85 21.37 35525
2460281.566985 0.99991 0.0009 1.0444 -2.97 -0.47 20.79 32030
2460281.567123 1.00117 0.0009 1.0447 -1.9 -0.71 21.07 30616
2460281.567262 0.99995 0.0009 1.0449 1.75 -0.69 21.63 28476
2460281.5674 1.0008 0.0009 1.0451 3.45 -0.44 21.68 30025
2460281.567539 1.00016 0.0009 1.0453 3.6 -0.73 21.08 27768
2460281.567677 1.00038 0.0009 1.0455 2.93 -1.4 21.22 36042
2460281.567816 1.00046 0.0009 1.0458 0.85 -0.85 21.92 29148
2460281.567954 0.99881 0.0009 1.046 1.2 -1.17 21.84 29888
2460281.568093 1.0003 0.0009 1.0462 2.07 0.2 21.45 32137
2460281.568232 1.00039 0.0009 1.0464 2.22 -1.3 21.7 27241
2460281.56837 1.00076 0.0009 1.0467 2.12 -1.34 21.38 29942
2460281.568509 0.99958 0.0009 1.0469 0.91 -0.32 22.28 36719
2460281.568647 1.00051 0.0009 1.0471 1.98 -1.3 21.52 34953
2460281.568786 0.99933 0.0009 1.0473 1.55 -1.68 21.78 25760
2460281.568924 0.99996 0.0009 1.0476 -0.01 -1.95 22.06 27516
2460281.569063 0.99923 0.0009 1.0478 0.24 0.07 21.73 29818
2460281.569201 0.99943 0.0009 1.048 1.71 -0.86 21.08 32631
2460281.56934 1.00113 0.00091 1.0483 1.83 -1.54 22.29 29691
2460281.569478 1.00075 0.00091 1.0485 1.63 -1.28 21.78 31983
2460281.569617 1.00066 0.00091 1.0487 -0.8 -1.54 21.75 30792
2460281.569755 0.99832 0.0009 1.049 -0.39 -0.13 21.89 31072
2460281.569895 0.99982 0.00091 1.0492 1.36 0.38 21.52 29042
2460281.570033 0.99967 0.0009 1.0494 0.49 -1.71 21.85 31641
2460281.570171 1.00022 0.00091 1.0497 0.9 0.11 21.6 31010
2460281.57031 0.99944 0.0009 1.0499 2.49 -0.46 21.82 34299
2460281.570448 0.99995 0.00091 1.0501 2.4 -1.79 22.18 27281
2460281.570587 0.99979 0.00091 1.0504 3.13 -0.51 21.73 30769
2460281.570725 0.99923 0.00091 1.0506 0.12 -1.32 21.88 31442
2460281.570863 0.99827 0.00091 1.0509 -3.27 -0.41 22.29 28316
2460281.571002 0.99915 0.00091 1.0511 -3.78 -1.24 21.65 29310
2460281.57114 1.00042 0.00091 1.0513 -2.67 -0.05 22.49 28136
2460281.571279 1.00186 0.00091 1.0516 -1.11 -0.63 22.33 33059
2460281.571417 1.00033 0.00091 1.0518 -0.39 -0.29 21.63 30098
2460281.571556 0.99968 0.00091 1.0521 -1.34 -0.15 22.1 31199
2460281.571694 0.99948 0.00091 1.0523 -0.32 -1.55 22.2 29115
2460281.571833 0.99991 0.00091 1.0526 0.02 0.09 22.22 29780
2460281.571972 1.00031 0.00091 1.0528 1.06 -2.04 22.14 29525
2460281.57211 1.00034 0.00091 1.0531 0.73 -0.74 22.38 30459
2460281.572249 1.00063 0.00091 1.0533 1.8 -1.24 21.97 31510
2460281.572387 1.00013 0.00091 1.0535 0.9 -0.78 22.62 27839
2460281.572526 0.9995 0.00091 1.0538 2.39 -1.25 21.97 32833
2460281.572664 0.999 0.00091 1.054 -0.28 0.47 21.47 29760
2460281.572803 1.00019 0.00091 1.0543 -3.92 -2.04 22.31 28620
2460281.572941 1.00085 0.00091 1.0546 -6.98 -0.14 21.91 33158
2460281.57308 0.9998 0.00091 1.0548 -4.75 -0.45 21.97 32267
2460281.573218 1.00139 0.00091 1.0551 0.87 -2.57 23.5 25405
2460281.573356 1.00042 0.00091 1.0553 0.75 0.67 22.93 30294
2460281.573495 1.00001 0.00091 1.0556 2.08 0.12 21.31 30536
2460281.573633 1.00087 0.00091 1.0558 0.68 -0.91 21.79 31106
2460281.573772 0.99999 0.00091 1.0561 2.06 -1.23 22.09 29503
2460281.57391 1.00123 0.00091 1.0563 2.82 -0.42 21.34 31407
2460281.574049 0.99847 0.00091 1.0566 3.98 0.5 21.68 30149
2460281.574188 0.99931 0.00091 1.0568 3.41 -2.25 21.57 29718
2460281.574326 1.00038 0.00091 1.0571 3.99 -1.66 21.5 33396
2460281.574465 1.00064 0.00091 1.0574 1.31 0.12 22.16 27656
2460281.574604 0.99947 0.00091 1.0576 -2.05 -2.16 21.78 28541
2460281.574742 1.00041 0.00091 1.0579 -5.13 0.36 21.67 29206
2460281.574881 1.00022 0.00091 1.0582 -6.28 -0.33 21.64 30271
2460281.575019 0.99937 0.00091 1.0584 -1.17 -0.5 24.74 22620
2460281.575158 1.00129 0.00091 1.0587 2.48 -1.43 22.52 28334
2460281.575296 0.99926 0.00091 1.0589 1.66 -0.24 22.42 28127
2460281.575435 1.00086 0.00092 1.0592 2.64 -1.77 22.38 26312
2460281.575573 0.99952 0.00091 1.0595 2.01 -2.72 22.24 29780
2460281.575712 0.99987 0.00091 1.0597 1.22 0.5 21.69 32929
2460281.57585 0.99939 0.00092 1.06 2.11 -2.15 23.04 27114
2460281.575989 0.99984 0.00091 1.0603 4.27 -1.09 22.16 29252
2460281.576127 0.99899 0.00091 1.0605 4.15 -0.3 22.34 32097
2460281.576266 0.99973 0.00092 1.0608 2.22 -0.04 21.72 28820
2460281.576404 0.99938 0.00091 1.0611 3.22 -2.38 23.15 27838
2460281.576543 1.00065 0.00092 1.0614 0.38 -0.4 22.32 26147
2460281.576681 0.99908 0.00092 1.0616 -1.74 -1.82 22.87 26058
2460281.57682 0.99914 0.00092 1.0619 -1.56 -1.2 22.02 30068
2460281.576958 0.99921 0.00092 1.0622 -1.22 0.38 22.96 26613
2460281.577097 1.00025 0.00092 1.0625 0.62 -1.78 22.27 29860
2460281.577234 0.99997 0.00092 1.0627 1.03 -1.68 22.26 26989
2460281.577373 0.99991 0.00092 1.063 1.3 -0.35 22.11 33101
2460281.577512 1.00108 0.00092 1.0633 0.49 0.14 21.99 32317
2460281.57765 1.0006 0.00092 1.0636 0.73 0.1 22.18 32231
2460281.577789 1.00027 0.00092 1.0639 2.25 -0.2 21.16 34495
2460281.577927 0.99893 0.00092 1.0641 3.79 -0.51 21.55 31941
2460281.578066 1.00118 0.00092 1.0644 2.12 0.56 21.02 32645
2460281.578204 0.99955 0.00092 1.0647 1.99 0.07 21.23 31770
2460281.578343 0.99923 0.00092 1.065 1.17 0.07 21.21 32621
2460281.578481 0.99928 0.00092 1.0653 -0.83 -0.62 21.81 30584
2460281.57862 0.99913 0.00092 1.0655 -1.51 -1.38 22.74 29946
2460281.578758 0.99932 0.00092 1.0658 -3.32 -0.5 21.92 30412
2460281.578897 0.99963 0.00092 1.0661 -2.26 -1.03 21.17 32749
2460281.579035 1.00013 0.00092 1.0664 -1.15 0.02 20.89 33647
2460281.579174 0.99971 0.00092 1.0667 -0.66 -0.71 21.36 31767
2460281.579312 0.99949 0.00092 1.067 -0.75 -0.38 22.38 32717
2460281.579451 1.00047 0.00092 1.0673 0.87 -1.46 22.04 34618
2460281.579589 0.99991 0.00092 1.0675 1.21 -0.75 21.09 33782
2460281.579728 0.99883 0.00092 1.0679 2.88 -1.21 21.23 34505
2460281.579866 1.00042 0.00092 1.0681 2.81 -0.79 21.92 31742
2460281.580005 0.99988 0.00092 1.0684 2.04 -1.66 21.39 35797
2460281.580143 0.99877 0.00092 1.0687 2.58 -2.03 22.47 29179
2460281.580282 0.9995 0.00092 1.069 1.78 -1.31 22.16 29051
2460281.580421 1.00068 0.00092 1.0693 -0.28 -1.91 21.83 30025
2460281.580559 1.0005 0.00092 1.0696 -1.68 -1.73 22.48 28424
2460281.580697 0.99901 0.00092 1.0699 -5.31 -1.22 22.29 30263
2460281.580836 1.00099 0.00092 1.0702 -3.44 -2.92 22.98 29594
2460281.580975 1.0009 0.00092 1.0705 -1.58 -2.42 21.1 31052
2460281.581113 1.00101 0.00093 1.0708 3.31 -1.16 23.25 26615
2460281.581251 1.00024 0.00092 1.0711 1.22 -0.76 22.32 28788
2460281.58139 1.00087 0.00092 1.0714 -0.55 0.3 21.2 32447
2460281.581529 1.00132 0.00093 1.0717 0.92 -0.12 22.48 32794
2460281.581667 1.00018 0.00092 1.072 1.19 0.08 22.55 31307
2460281.581806 1.00106 0.00093 1.0723 3.48 0.8 22.17 35610
2460281.581944 0.99985 0.00092 1.0726 2.58 0.4 22.33 31992
2460281.582083 1.0002 0.00093 1.0729 1.7 -0.2 23.88 30352
2460281.582221 0.99907 0.00092 1.0732 2.13 -1.78 21.96 27740
2460281.58236 0.99887 0.00093 1.0735 -0.38 1.43 23.47 30091
2460281.582498 1.00113 0.00093 1.0738 -2.64 -0.09 21.98 28360
2460281.582637 1.00111 0.00093 1.0742 -4.69 -1.05 22.55 31494
2460281.582775 0.99876 0.00093 1.0745 -2.62 -2.52 23.02 24798
2460281.582914 1.00131 0.00093 1.0747 1.57 -0.69 22.4 25662
2460281.583052 0.9996 0.00093 1.0751 1.71 -2.07 22.49 29596
2460281.583191 1.00071 0.00093 1.0754 0.83 -1.7 21.75 28454
2460281.58333 0.99913 0.00093 1.0757 0.33 0.91 22.22 29315
2460281.583468 1.00193 0.00093 1.076 0.01 0.04 22.29 28407
2460281.583607 1.00022 0.00093 1.0763 0.33 -1.42 21.17 31944
2460281.583745 0.99831 0.00093 1.0767 1.63 -0.67 21.4 33837
2460281.583884 0.99948 0.00093 1.0769 2.11 -0.08 22.28 29549
2460281.584022 0.99858 0.00093 1.0773 1.72 -0.41 21.36 28656
2460281.584161 1.0006 0.00093 1.0776 2.85 -1.68 22.16 31544
2460281.5843 0.99967 0.00093 1.0779 1.62 -2.02 22.21 30038
2460281.584438 0.99951 0.00093 1.0782 -0.65 -0.43 20.94 28806
2460281.584577 0.99918 0.00093 1.0785 -2.3 -0.74 21.61 28717
2460281.584715 1.00028 0.00093 1.0789 -0.85 -1.94 21.7 32441
2460281.584854 0.99958 0.00093 1.0792 0.59 -0.33 21.99 28985
2460281.584993 1.00014 0.00093 1.0795 -1.0 -2.48 22.2 30619
2460281.585131 0.99874 0.00093 1.0798 0.64 0.6 21.79 29242
2460281.58527 1.0016 0.00093 1.0802 -0.51 0.64 21.68 30654
2460281.585408 0.99906 0.00093 1.0805 -0.03 -0.16 21.51 33896
2460281.585546 0.99904 0.00093 1.0808 0.72 1.0 22.35 29732
2460281.585685 0.99992 0.00093 1.0812 -0.56 0.53 22.66 28873
2460281.585824 1.00074 0.00093 1.0815 0.67 0.34 21.98 30408
2460281.585962 0.99949 0.00093 1.0818 0.99 -0.01 21.97 29090
2460281.586101 0.99835 0.00093 1.0821 1.02 -0.83 22.58 30596
2460281.586239 0.99981 0.00093 1.0825 2.29 0.18 21.95 30001
2460281.586378 0.99967 0.00093 1.0828 0.94 -0.34 21.93 30028
2460281.586516 1.00153 0.00093 1.0831 -3.16 1.19 21.9 29918
2460281.586655 1.00013 0.00093 1.0835 -2.6 0.55 22.07 30988
2460281.586794 1.00019 0.00093 1.0838 -0.74 1.07 22.55 27632
2460281.586932 1.00109 0.00094 1.0841 1.36 -1.52 23.19 25119
2460281.58707 1.00088 0.00094 1.0845 -1.26 0.84 22.37 27784
2460281.587209 0.99734 0.00093 1.0848 -2.86 0.93 22.01 33415
2460281.587347 1.00006 0.00094 1.0851 -3.67 -0.89 22.19 29494
2460281.587485 1.00009 0.00094 1.0855 -1.57 -1.91 23.25 25681
2460281.587624 0.99974 0.00094 1.0858 -0.27 0.61 23.05 22665
2460281.587763 0.99935 0.00094 1.0862 0.3 -2.37 22.78 30753
2460281.587902 0.99935 0.00094 1.0865 2.6 -1.53 22.11 27499
2460281.58804 1.00074 0.00094 1.0868 2.62 -0.25 21.55 29495
2460281.588179 0.99945 0.00094 1.0872 3.08 -1.3 22.81 25993
2460281.588318 0.99994 0.00094 1.0875 -1.45 -0.37 22.06 26245
2460281.588456 0.99864 0.00094 1.0879 -3.57 1.01 21.83 26724
2460281.588595 1.00016 0.00094 1.0882 -3.25 -0.91 22.05 26932
2460281.588733 1.00127 0.00094 1.0886 -2.27 -1.71 22.74 23784
2460281.588872 1.0002 0.00094 1.0889 1.96 -2.08 22.43 24838
2460281.58901 0.99993 0.00094 1.0893 2.14 -0.14 21.57 28724
2460281.589148 0.9997 0.00094 1.0896 1.92 0.17 21.69 30632
2460281.589286 0.99766 0.00094 1.09 0.07 0.16 22.21 24732
2460281.589425 0.9988 0.00094 1.0903 1.68 -0.64 23.2 26241
2460281.589563 0.99943 0.00094 1.0907 1.64 0.59 21.98 25610
2460281.589702 1.00075 0.00094 1.091 2.53 -0.08 21.89 25628
2460281.589841 0.99886 0.00094 1.0914 3.65 -1.03 22.49 29930
2460281.589979 1.00055 0.00094 1.0917 2.49 0.21 22.5 25069
2460281.590118 0.99987 0.00094 1.0921 0.38 -0.65 22.59 27598
2460281.590256 0.99869 0.00094 1.0924 -0.41 -0.69 21.99 27487
2460281.590395 0.99862 0.00094 1.0928 -2.67 -0.08 22.65 24669
2460281.590533 1.00045 0.00094 1.0932 -2.98 0.02 22.93 24740
2460281.590672 1.00006 0.00094 1.0935 0.3 0.38 22.45 24867
2460281.590811 0.99992 0.00094 1.0939 0.99 -0.01 22.77 25117
2460281.590949 0.99891 0.00094 1.0942 1.46 0.24 22.09 29871
2460281.591088 0.99909 0.00094 1.0946 0.88 -0.7 22.03 27396
2460281.591227 0.99963 0.00094 1.095 -0.49 -1.16 22.85 25076
2460281.591365 1.00079 0.00094 1.0953 -0.14 0.47 21.79 30200
2460281.591504 0.99959 0.00094 1.0957 2.06 0.09 22.66 26740
2460281.591642 0.99948 0.00094 1.0961 0.11 0.86 22.17 25397
2460281.591781 0.99941 0.00094 1.0964 5.82 0.36 23.78 26340
2460281.59192 0.99905 0.00094 1.0968 2.01 0.55 22.65 26449
2460281.592058 0.99952 0.00095 1.0972 0.86 -0.33 22.57 23028
2460281.592197 1.00007 0.00095 1.0975 -1.28 0.53 22.6 23346
2460281.592335 0.99942 0.00095 1.0979 -2.63 -0.75 22.01 24971
2460281.592474 0.99825 0.00095 1.0983 -2.6 1.97 22.68 26375
2460281.592612 0.99746 0.00094 1.0987 -0.85 0.18 22.4 27154
2460281.592751 1.00053 0.00095 1.099 0.67 0.3 21.56 28624
2460281.59289 0.9997 0.00095 1.0994 0.57 -0.64 23.31 27417
2460281.593028 0.99944 0.00095 1.0998 -2.06 0.47 22.14 29515
2460281.593167 0.99894 0.00095 1.1002 -0.27 -0.91 22.11 28300
2460281.593305 0.99915 0.00095 1.1005 -2.94 0.61 21.79 26984
2460281.593444 0.99823 0.00095 1.1009 -0.71 -0.5 22.67 26243
2460281.593582 0.99953 0.00095 1.1013 -0.26 1.63 22.48 27620
2460281.593721 1.00032 0.00095 1.1017 1.24 -0.56 23.12 25390
2460281.593859 0.99841 0.00095 1.1021 0.73 0.06 21.55 28986
2460281.593998 0.99775 0.00095 1.1024 0.81 0.69 22.54 23762
2460281.594136 1.0016 0.00095 1.1028 -1.02 -0.06 21.95 28817
2460281.594275 0.99963 0.00095 1.1032 -2.4 0.61 22.25 22042
2460281.594413 1.0013 0.00095 1.1036 -4.33 -0.97 23.06 23743
2460281.594552 0.9992 0.00095 1.104 -1.98 -1.91 23.55 26082
2460281.59469 0.9996 0.00095 1.1044 -2.09 0.64 22.15 24736
2460281.594829 1.00022 0.00095 1.1047 -1.25 0.71 21.97 26485
2460281.594967 0.99944 0.00095 1.1051 -1.53 -0.71 23.14 28517
2460281.595106 0.99987 0.00095 1.1055 -3.8 1.18 22.42 24341
2460281.595245 0.99899 0.00095 1.1059 -2.39 -1.41 22.65 24901
2460281.595383 1.00061 0.00096 1.1063 -0.48 0.73 22.41 23352
2460281.595522 0.99959 0.00095 1.1067 1.09 1.57 22.16 26725
2460281.595661 0.99958 0.00096 1.1071 -0.04 -0.57 22.3 27993
2460281.595799 0.99913 0.00095 1.1075 2.03 0.88 22.72 26922
2460281.595938 1.00051 0.00096 1.1079 1.94 -0.32 21.82 28288
2460281.596076 0.99998 0.00096 1.1083 0.77 -0.73 23.25 28695
2460281.596215 0.99957 0.00096 1.1087 -2.67 0.1 22.22 28495
2460281.596353 1.0007 0.00096 1.1091 -4.88 -0.32 22.19 26827
2460281.596492 0.99959 0.00096 1.1095 -3.64 2.35 21.99 28032
2460281.59663 0.99861 0.00096 1.1099 -0.31 1.5 22.57 22669
2460281.596769 0.9998 0.00096 1.1103 1.99 1.13 22.19 27163
2460281.596907 0.99856 0.00096 1.1107 1.1 -1.12 23.19 26015
2460281.597046 1.00094 0.00096 1.1111 1.37 1.22 21.73 28144
2460281.597185 0.99955 0.00096 1.1115 0.75 1.72 22.67 25491
2460281.597323 0.99853 0.00096 1.1119 0.7 0.33 22.1 27290
2460281.597462 0.99918 0.00096 1.1123 2.19 0.2 23.07 29736
2460281.5976 0.99798 0.00096 1.1127 1.95 0.37 23.04 24329
2460281.597739 0.99878 0.00096 1.1131 3.9 -0.52 23.13 26431
2460281.597877 0.99894 0.00096 1.1135 1.32 1.76 21.59 25509
2460281.598015 0.99954 0.00096 1.1139 -0.52 2.73 22.55 26100
2460281.598154 0.99952 0.00096 1.1143 -5.33 2.53 23.15 22368
2460281.598293 0.99997 0.00096 1.1148 -4.71 0.99 22.99 23269
2460281.598431 1.00033 0.00096 1.1152 -2.16 1.32 25.04 23672
2460281.59857 0.99802 0.00096 1.1156 2.5 2.04 23.11 23555
2460281.598708 0.99767 0.00096 1.116 4.2 -0.66 22.76 29285
2460281.598847 0.99875 0.00096 1.1164 3.69 -0.45 23.13 22673
2460281.598986 0.99938 0.00096 1.1168 3.69 -0.54 24.28 24105
2460281.599124 1.00001 0.00097 1.1173 -0.01 2.42 21.83 25158
2460281.599263 0.99992 0.00097 1.1177 0.46 0.62 22.19 24702
2460281.599401 1.00064 0.00097 1.1181 1.85 -0.08 23.24 24661
2460281.59954 0.9992 0.00097 1.1185 0.72 0.21 22.99 26044
2460281.599679 1.00037 0.00097 1.1189 0.25 0.94 22.76 24598
2460281.599817 1.00074 0.00097 1.1194 0.8 2.18 22.55 24558
2460281.599956 0.9994 0.00097 1.1198 1.26 1.67 21.85 26525
2460281.600095 0.99906 0.00097 1.1202 -1.11 1.96 23.0 23715
2460281.600233 1.00002 0.00097 1.1206 -1.89 1.03 22.74 25304
2460281.600371 0.99903 0.00097 1.121 -2.85 3.26 21.86 28300
2460281.60051 0.99971 0.00097 1.1215 -0.76 1.64 22.13 26396
2460281.600648 0.99975 0.00097 1.1219 0.36 2.66 22.32 27604
2460281.600787 0.99917 0.00097 1.1224 0.92 3.93 22.28 27461
2460281.600925 1.00008 0.00097 1.1228 -0.32 2.28 22.74 25875
2460281.601064 1.0002 0.00097 1.1232 -0.53 2.05 22.99 22920
2460281.601201 0.99891 0.00097 1.1237 1.68 3.05 23.33 27202
2460281.60134 0.99881 0.00097 1.1241 1.83 2.14 22.03 25457
2460281.601478 0.99942 0.00097 1.1245 1.04 -0.79 24.34 23729
2460281.601617 0.99866 0.00097 1.1249 0.56 0.35 23.12 26502
2460281.601755 0.99933 0.00097 1.1254 -0.25 0.63 22.98 27364
2460281.601894 0.99847 0.00097 1.1258 -0.52 0.8 23.8 20996
2460281.602032 0.99757 0.00097 1.1262 -2.44 0.53 23.25 22397
2460281.602171 1.00158 0.00097 1.1267 -4.91 0.87 23.08 23177
2460281.602309 0.99878 0.00097 1.1272 -5.4 2.64 22.7 26919
2460281.602448 0.99954 0.00097 1.1276 -2.82 0.43 23.16 27496
2460281.602587 0.99705 0.00097 1.128 -3.91 1.62 21.67 26047
2460281.602726 0.99791 0.00097 1.1285 -1.2 1.5 22.17 29121
2460281.602864 1.00127 0.00098 1.1289 -0.6 2.32 23.48 22758
2460281.603003 0.99943 0.00097 1.1293 -2.03 2.43 22.65 23524
2460281.603141 0.99967 0.00098 1.1298 -0.97 3.02 23.03 23007
2460281.60328 0.99863 0.00097 1.1302 1.2 1.45 22.7 27615
2460281.603418 0.99914 0.00098 1.1307 1.37 2.14 22.81 25562
2460281.603557 0.99915 0.00098 1.1311 0.75 2.4 22.03 25679
2460281.603695 0.99894 0.00098 1.1316 0.5 2.44 22.47 25417
2460281.603834 0.99712 0.00098 1.1321 -1.01 2.46 23.02 26422
2460281.603972 0.99904 0.00098 1.1325 -3.35 0.9 23.43 25680
2460281.604111 0.99874 0.00098 1.133 -6.16 2.69 23.36 25763
2460281.604249 0.99752 0.00098 1.1335 -7.39 0.37 22.05 25963
2460281.604388 0.99829 0.00098 1.1339 -4.12 0.52 23.71 21524
2460281.604526 1.00065 0.00098 1.1343 1.41 -0.06 22.1 27386
2460281.604665 0.99821 0.00098 1.1348 0.4 -0.15 22.02 30113
2460281.604803 0.99914 0.00098 1.1353 -0.53 0.88 22.43 28567
2460281.604942 0.99913 0.00098 1.1357 -0.01 0.48 23.48 26347
2460281.60508 1.00043 0.00098 1.1362 -1.08 2.23 22.86 24106
2460281.605218 0.99946 0.00098 1.1366 0.83 0.14 22.94 31980
2460281.605357 0.99746 0.00098 1.1371 -0.49 1.72 23.22 26990
2460281.605496 0.99943 0.00098 1.1376 -0.33 1.3 22.05 26954
2460281.605634 0.99988 0.00098 1.138 0.41 1.93 22.57 23403
2460281.605773 0.99933 0.00098 1.1385 0.48 0.32 21.82 25774
2460281.605911 0.99905 0.00098 1.139 -3.13 0.13 22.96 24445
2460281.60605 0.99856 0.00098 1.1395 -4.15 0.24 22.59 24828
2460281.606189 0.99814 0.00098 1.1399 -5.46 0.8 22.25 20772
2460281.606327 0.99937 0.00098 1.1404 -0.33 1.73 22.2 24008
2460281.606466 0.9971 0.00098 1.1409 1.25 0.09 22.91 26333
2460281.606605 1.00153 0.00099 1.1413 1.08 2.28 21.92 25747
2460281.606743 0.99952 0.00099 1.1418 1.97 1.01 22.01 26472
2460281.606882 1.00037 0.00099 1.1423 -0.71 0.56 22.57 25445
2460281.607021 0.99952 0.00099 1.1428 -0.63 0.77 22.61 23185
2460281.607159 0.99819 0.00099 1.1433 -0.28 1.14 22.16 26282
2460281.607298 0.99936 0.00099 1.1437 0.44 1.38 22.85 23570
2460281.607436 0.99979 0.00099 1.1442 -0.47 0.76 22.01 26882
2460281.607575 0.99909 0.00099 1.1447 0.42 2.55 22.27 30133
2460281.607714 0.99893 0.00099 1.1452 0.86 1.24 22.97 29479
2460281.607853 0.99796 0.00099 1.1457 -1.9 2.33 22.51 23506
2460281.607991 0.99834 0.00099 1.1462 -2.9 1.33 21.84 25411
2460281.60813 0.99959 0.00099 1.1467 -3.86 2.88 21.96 24594
2460281.608268 0.99978 0.00099 1.1471 -1.85 1.08 21.69 26002
2460281.608407 0.99943 0.00099 1.1476 -0.83 2.03 21.96 27591
2460281.608546 1.00143 0.00099 1.1481 -2.07 0.64 23.48 27100
2460281.608684 0.99969 0.00099 1.1486 -1.77 1.11 22.26 25608
2460281.608823 0.99833 0.00099 1.1491 -0.66 1.75 22.12 30795
2460281.608962 0.99772 0.00099 1.1496 -0.69 0.92 22.42 27916
2460281.609101 0.99906 0.001 1.1501 -1.39 1.94 21.86 25302
2460281.609239 0.99878 0.00099 1.1506 1.07 1.84 22.17 25341
2460281.609378 1.00018 0.001 1.1511 -1.52 2.06 22.33 26094
2460281.609517 0.99857 0.001 1.1516 7.26 -1.85 24.26 24291
2460281.609655 0.99882 0.001 1.1521 0.81 1.18 23.32 24419
2460281.609794 0.99899 0.001 1.1526 -0.25 1.11 22.53 24421
2460281.609933 0.99844 0.001 1.1531 -5.58 1.34 24.09 22586
2460281.610072 0.99972 0.001 1.1536 -7.74 2.76 23.52 24863
2460281.61021 0.99833 0.001 1.1541 -5.53 2.24 22.34 25908
2460281.610349 0.99761 0.001 1.1546 -3.1 1.4 23.15 26479
2460281.610487 1.00032 0.001 1.1551 0.24 0.13 23.47 21781
2460281.610626 0.99985 0.001 1.1556 -1.66 -0.49 22.95 27302
2460281.610765 0.99852 0.001 1.1561 -0.9 1.69 23.19 25455
2460281.610904 1.00005 0.001 1.1566 -1.54 0.99 22.75 25273
2460281.611043 0.9991 0.001 1.1572 0.79 0.82 22.76 28530
2460281.611182 0.99916 0.001 1.1577 -1.57 1.52 21.91 27185
2460281.611321 1.00029 0.001 1.1582 0.94 0.03 23.03 27177
2460281.611459 0.99841 0.001 1.1587 1.06 1.13 22.2 31102
2460281.611598 0.99992 0.001 1.1592 0.28 2.29 22.26 29106
2460281.611736 1.00019 0.001 1.1597 -2.09 0.15 22.83 29150
2460281.611875 0.99982 0.001 1.1603 -3.98 2.09 22.32 25776
2460281.612013 0.99773 0.001 1.1608 -5.2 1.99 23.01 27353
2460281.612152 0.99887 0.00101 1.1613 -5.38 4.14 22.57 25153
2460281.612291 1.00054 0.00101 1.1618 -0.46 2.25 23.89 25030
2460281.61243 0.99868 0.00101 1.1623 0.41 1.9 22.55 24652
2460281.612568 0.9991 0.00101 1.1629 1.54 1.41 22.47 28450
2460281.612707 0.99794 0.00101 1.1634 2.3 0.5 22.76 26173
2460281.612846 0.9984 0.00101 1.1639 -0.25 1.7 23.22 24011
2460281.612984 0.99768 0.00101 1.1644 -1.73 0.65 22.76 22627
2460281.613122 0.99778 0.00101 1.165 -0.91 1.07 21.91 26605
2460281.613261 0.99838 0.00101 1.1655 0.57 2.44 22.22 28360
2460281.6134 1.00027 0.00101 1.166 0.16 2.08 22.79 27126
2460281.613538 0.99903 0.00101 1.1666 0.64 1.59 21.96 24938
2460281.613677 0.99895 0.00101 1.1671 -0.46 2.2 22.06 28177
2460281.613816 0.99919 0.00101 1.1676 -2.46 1.88 21.9 26569
2460281.613954 0.99857 0.00101 1.1682 -4.85 2.25 22.03 28310
2460281.614093 1.00064 0.00101 1.1687 -0.55 2.21 23.35 22997
2460281.614232 0.99746 0.00101 1.1693 1.13 1.45 22.36 23130
2460281.614371 0.99862 0.00101 1.1698 1.3 2.42 21.64 26268
2460281.614509 0.99905 0.00101 1.1703 0.93 1.26 22.66 27036
2460281.614648 0.99959 0.00102 1.1709 -1.17 2.13 23.28 22368
2460281.614786 0.99677 0.00101 1.1714 -1.2 3.15 22.88 26242
2460281.614925 0.99895 0.00102 1.172 -2.31 2.89 22.51 26153
2460281.615064 0.99901 0.00102 1.1725 -1.26 2.27 22.16 27229
2460281.615202 0.99801 0.00102 1.1731 -1.93 2.57 22.53 26697
2460281.615341 0.99974 0.00102 1.1736 -0.13 2.04 22.39 26438
2460281.615479 0.99909 0.00102 1.1742 1.59 0.14 22.77 25791
2460281.615618 0.99928 0.00102 1.1747 0.61 0.27 22.44 24409
2460281.615757 0.99865 0.00102 1.1753 -1.45 1.59 23.15 22681
2460281.615895 0.999 0.00102 1.1758 -3.15 1.34 22.27 24214
2460281.616034 0.99761 0.00102 1.1764 -2.96 2.04 21.54 26515
2460281.616173 0.99982 0.00102 1.1769 0.01 0.93 23.6 24688
2460281.616312 0.99732 0.00102 1.1775 -1.21 0.37 23.52 22801
2460281.616451 0.99988 0.00102 1.1781 -2.48 2.93 23.41 23397
2460281.616589 0.99814 0.00102 1.1786 -3.06 0.44 23.1 27678
2460281.616728 0.99867 0.00102 1.1792 -4.92 1.71 22.32 23590
2460281.616867 0.99926 0.00102 1.1797 -3.55 1.73 22.75 26352
2460281.617005 0.99954 0.00102 1.1803 -3.83 3.81 21.74 24377
2460281.617144 0.99982 0.00102 1.1809 0.78 0.13 22.5 27116
2460281.617283 0.99924 0.00103 1.1814 0.29 0.48 22.69 23963
2460281.617421 0.99924 0.00103 1.182 0.81 2.26 22.57 26124
2460281.61756 0.99849 0.00103 1.1826 0.86 2.65 22.56 24168
2460281.617699 0.999 0.00103 1.1831 -1.35 1.06 23.77 22111
2460281.617838 1.00017 0.00103 1.1837 -3.14 0.89 23.48 23052
2460281.617977 1.00061 0.00103 1.1843 -1.5 1.28 23.08 24666
2460281.618115 0.99961 0.00103 1.1849 -3.06 3.36 21.05 26457
2460281.618254 0.99843 0.00103 1.1854 -1.63 3.45 21.98 23223
2460281.618393 0.99927 0.00103 1.186 -1.71 2.74 22.81 24152
2460281.618531 0.99887 0.00103 1.1866 -2.58 1.83 21.99 24220
2460281.61867 1.00007 0.00103 1.1872 -2.94 1.94 22.62 22336
2460281.618809 0.99937 0.00103 1.1878 -3.59 2.43 21.32 24725
2460281.618947 1.0001 0.00103 1.1883 -0.4 1.63 23.07 26538
2460281.619086 0.99936 0.00103 1.1889 1.42 2.46 21.86 24304
2460281.619225 0.99885 0.00103 1.1895 2.78 3.78 21.96 25017
2460281.619363 0.99837 0.00103 1.1901 3.0 1.5 22.66 27513
2460281.619502 0.99853 0.00103 1.1906 0.69 -0.55 21.96 29339
2460281.619641 0.99711 0.00103 1.1913 -1.56 -0.77 23.75 27144
2460281.61978 0.99728 0.00103 1.1919 -2.8 0.36 22.48 24031
2460281.619918 0.99825 0.00103 1.1924 -3.77 1.14 22.39 24691
2460281.620057 0.9985 0.00103 1.193 -1.53 2.24 23.82 21937
2460281.620196 0.99928 0.00104 1.1936 0.76 0.3 22.24 28792
2460281.620335 1.00004 0.00104 1.1942 1.63 2.73 21.74 27815
2460281.620474 0.99948 0.00104 1.1948 -0.27 1.25 21.83 25763
2460281.620612 1.00001 0.00104 1.1954 -0.98 1.66 21.48 26003
2460281.620751 0.99936 0.00104 1.196 -0.95 1.34 21.95 26935
2460281.62089 0.9977 0.00104 1.1966 -0.86 1.51 22.61 25097
2460281.621029 0.99849 0.00104 1.1972 2.56 0.8 23.12 24505
2460281.621167 0.99815 0.00104 1.1978 0.9 0.78 22.96 23136
2460281.621306 0.99773 0.00104 1.1984 1.81 0.71 23.23 24574
2460281.621445 0.9973 0.00104 1.199 0.2 2.7 22.77 28519
2460281.621584 0.99813 0.00104 1.1996 -0.17 2.72 22.44 22814
2460281.621722 0.99885 0.00104 1.2003 -3.27 1.37 22.58 23722
2460281.621861 0.99962 0.00104 1.2009 -3.27 2.1 21.84 27603
2460281.622 0.99773 0.00104 1.2014 0.36 -0.86 23.95 26299
2460281.622139 0.9976 0.00104 1.2021 -0.91 0.1 23.63 24849
2460281.622277 0.99913 0.00104 1.2027 -0.18 -0.11 22.34 27006
2460281.622416 0.99786 0.00104 1.2033 -1.47 2.58 21.78 28532
2460281.622555 0.99645 0.00104 1.2039 -3.88 2.65 22.02 27185
2460281.622693 0.99947 0.00105 1.2045 -4.84 3.5 22.4 28161
2460281.622832 0.99896 0.00105 1.2052 -4.75 0.07 22.6 26994
2460281.62297 0.99916 0.00105 1.2058 -3.37 1.82 21.91 28531
2460281.623109 0.99972 0.00105 1.2064 0.07 0.52 23.64 28887
2460281.623248 0.99759 0.00105 1.207 1.99 -0.69 22.84 27778
2460281.623387 0.99948 0.00105 1.2076 0.62 2.49 22.26 27097
2460281.623526 0.99927 0.00105 1.2083 0.62 1.66 21.46 28820
2460281.623664 0.99777 0.00105 1.2089 -2.28 -1.42 23.0 26218
2460281.623803 0.99857 0.00105 1.2095 -5.58 1.92 21.98 29847
2460281.623942 0.99894 0.00105 1.2101 -3.97 1.13 22.88 26574
2460281.62408 0.9988 0.00105 1.2108 -2.99 0.41 22.89 27672
2460281.624219 0.99916 0.00105 1.2114 -3.41 3.47 22.97 28156
2460281.624358 0.99865 0.00105 1.212 -3.61 2.56 21.95 28746
2460281.624497 0.99952 0.00106 1.2127 -3.69 2.54 23.37 25238
2460281.624635 1.00023 0.00106 1.2133 -5.5 0.85 23.53 25169
2460281.624774 0.99976 0.00106 1.2139 -5.4 2.05 22.98 25135
2460281.624913 0.99921 0.00106 1.2146 -1.69 1.4 23.48 24052
2460281.625051 0.99721 0.00105 1.2152 0.05 0.05 22.07 27974
2460281.625189 0.99918 0.00106 1.2159 -0.3 0.58 22.73 28301
2460281.625328 0.99878 0.00106 1.2165 1.74 -0.49 22.24 28758
2460281.625467 0.99676 0.00106 1.2172 0.51 -1.86 22.93 25120
2460281.625606 0.99893 0.00106 1.2178 -3.94 0.21 24.76 26897
2460281.625745 0.99789 0.00106 1.2184 -4.94 2.02 21.99 27205
2460281.625883 0.99748 0.00106 1.2191 -4.47 2.02 22.71 26145
2460281.626022 0.99815 0.00106 1.2198 -2.01 1.84 22.02 28226
2460281.626161 0.99758 0.00106 1.2205 -1.17 2.86 22.44 29984
2460281.6263 0.99874 0.00106 1.2211 -1.68 1.09 22.82 27723
2460281.626438 0.99751 0.00106 1.2217 -2.75 3.78 21.89 28819
2460281.626577 0.99823 0.00106 1.2224 -2.55 0.96 23.03 26831
2460281.626715 0.99835 0.00106 1.223 1.12 -0.4 23.73 22561
2460281.626854 0.99735 0.00106 1.2237 -0.09 1.59 21.55 29071
2460281.626993 0.99749 0.00106 1.2243 0.28 2.87 21.76 29626
2460281.627132 0.99584 0.00106 1.225 0.75 2.53 22.43 26649
2460281.627271 0.99795 0.00107 1.2257 0.43 1.15 21.52 25219
2460281.62741 0.99853 0.00107 1.2263 -0.52 2.45 22.11 25167
2460281.627548 0.9975 0.00107 1.2271 -3.22 2.91 22.47 25929
2460281.627687 0.99791 0.00107 1.2277 -5.68 2.46 24.3 24195
2460281.627826 0.99992 0.00107 1.2284 -4.13 3.74 22.24 25249
2460281.627964 0.99934 0.00107 1.229 0.6 0.37 22.78 22015
2460281.628103 0.99771 0.00107 1.2297 2.94 1.93 22.41 27851
2460281.628242 0.99782 0.00107 1.2304 3.44 0.74 22.76 30037
2460281.62838 0.99834 0.00107 1.231 3.29 -0.28 23.13 28325
2460281.628519 0.99979 0.00108 1.2317 -0.07 1.97 23.26 24272
2460281.628658 0.99821 0.00107 1.2324 -0.57 0.73 21.81 31574
2460281.628797 0.99759 0.00107 1.2331 -0.64 -0.2 22.83 28297
2460281.628935 0.99865 0.00108 1.2338 0.2 2.76 21.96 30584
2460281.629074 0.99864 0.00108 1.2345 1.33 2.33 21.19 29759
2460281.629213 0.99816 0.00108 1.2351 0.54 2.01 23.03 28195
2460281.629351 1.00117 0.00108 1.2358 0.01 1.78 22.65 26454
2460281.62949 0.9978 0.00108 1.2365 -3.71 2.44 22.85 28902
2460281.629629 0.99908 0.00108 1.2372 -4.95 3.01 22.49 30985
2460281.629768 0.99718 0.00108 1.2379 -1.17 0.28 21.56 29794
2460281.629906 0.99798 0.00108 1.2386 0.26 1.34 22.54 27281
2460281.630045 0.99836 0.00108 1.2393 1.23 1.97 21.21 32390
2460281.630184 0.99828 0.00108 1.24 1.24 3.53 22.71 28247
2460281.630323 0.99856 0.00108 1.2407 -0.42 1.91 23.36 24722
2460281.630462 0.99982 0.00109 1.2414 0.24 1.68 22.99 31871
2460281.6306 0.99888 0.00109 1.2421 -0.01 2.07 22.49 31526
2460281.630739 0.99754 0.00108 1.2428 0.34 0.59 22.35 27462
2460281.630878 0.9976 0.00109 1.2435 -1.72 1.3 23.37 25025
2460281.631016 0.99889 0.00109 1.2442 0.69 0.15 22.24 28946
2460281.631155 0.99695 0.00109 1.2449 0.27 -1.04 22.19 32279
2460281.631294 0.99967 0.00109 1.2456 -0.26 0.8 21.78 30699
2460281.631433 0.99834 0.00109 1.2463 -3.09 2.23 23.11 24832
2460281.631571 0.99896 0.00109 1.247 -5.96 1.24 22.82 26712
2460281.63171 1.00025 0.00109 1.2477 -3.7 -0.06 22.7 27505
2460281.631849 0.99726 0.00109 1.2485 -2.1 -0.76 22.88 29398
2460281.631987 0.99842 0.00109 1.2492 0.25 0.68 22.57 28992
2460281.632126 0.99779 0.00109 1.2499 -0.46 0.33 23.17 30574
2460281.632265 1.00055 0.0011 1.2506 -1.36 0.07 22.34 26219
2460281.632404 0.99783 0.00109 1.2513 -0.28 0.38 22.25 29280
2460281.632543 0.99688 0.00109 1.2521 0.1 0.96 21.66 27970
2460281.632681 0.99823 0.0011 1.2528 -0.38 1.45 22.23 29634
2460281.63282 0.99809 0.0011 1.2535 -0.53 0.34 22.83 26772
2460281.632959 1.00008 0.0011 1.2542 -0.32 3.36 21.79 25573
2460281.633098 0.99871 0.0011 1.255 0.43 2.81 21.83 24721
2460281.633236 0.99738 0.0011 1.2557 -1.92 2.65 22.8 26941
2460281.633375 0.99717 0.0011 1.2564 -0.92 -2.76 23.91 25031
2460281.633513 0.99536 0.0011 1.2572 -6.2 1.67 22.67 27364
2460281.633652 0.99604 0.0011 1.2579 -7.7 2.75 21.67 28671
2460281.633791 0.99669 0.0011 1.2586 -6.33 2.91 22.05 29640
2460281.633929 0.99842 0.0011 1.2594 -0.27 1.51 22.77 27374
2460281.634068 1.00198 0.00111 1.2601 -0.76 1.27 21.43 30680
2460281.634207 0.9993 0.00111 1.2609 -0.02 3.18 21.54 30333
2460281.634346 0.99699 0.0011 1.2616 -2.29 3.56 22.19 25606
2460281.634485 0.9982 0.00111 1.2623 -2.13 2.86 22.57 25675
2460281.634624 1.00051 0.00111 1.2631 -0.44 -0.59 22.59 26809
2460281.634763 0.9993 0.00111 1.2638 -1.44 2.36 22.43 25837
2460281.634901 0.99801 0.00111 1.2646 -3.09 2.01 22.99 25041
2460281.63504 0.99778 0.00111 1.2653 -0.06 2.55 23.58 27665
2460281.635179 0.99962 0.00111 1.2661 -1.41 -0.5 24.43 26354
2460281.635317 0.99829 0.00111 1.2668 -3.64 2.05 21.51 30293
2460281.635456 0.99897 0.00111 1.2676 -5.59 3.17 21.04 33077
2460281.635594 0.99733 0.00111 1.2684 -5.43 1.43 23.18 27819
2460281.635733 0.99793 0.00111 1.2691 -1.49 0.55 25.08 23451
2460281.635872 0.99706 0.00111 1.2699 2.77 0.9 23.22 26982
2460281.63601 0.99781 0.00111 1.2706 1.33 -0.16 22.56 25942
2460281.636149 0.99699 0.00111 1.2714 -0.41 2.51 22.18 26601
2460281.636288 0.99611 0.00111 1.2722 -1.02 3.3 23.1 22268
2460281.636426 0.99918 0.00112 1.2729 -2.76 1.09 23.25 28117
2460281.636565 1.00102 0.00112 1.2737 0.04 2.18 21.53 29930
2460281.636703 0.9961 0.00112 1.2745 -2.17 2.13 22.44 27766
2460281.636842 0.9981 0.00112 1.2753 -1.47 4.12 21.96 26101
2460281.63698 0.99708 0.00112 1.276 0.55 1.1 22.2 25545
2460281.637119 0.99954 0.00112 1.2768 0.14 0.53 21.99 27265
2460281.637258 0.99769 0.00112 1.2776 -1.82 1.69 22.34 24921
2460281.637396 0.9985 0.00112 1.2784 -3.23 1.46 23.14 25521
2460281.637535 0.99721 0.00112 1.2792 -4.76 2.35 22.49 29849
2460281.637674 0.99706 0.00112 1.2799 -3.28 1.58 21.31 28314
2460281.637813 0.99727 0.00112 1.2807 -1.91 2.17 22.59 32167
2460281.637951 0.99788 0.00113 1.2815 -1.25 1.56 22.8 27639
2460281.63809 0.99708 0.00113 1.2823 -0.96 0.56 22.4 27511
2460281.638229 0.99792 0.00113 1.2831 -1.11 0.01 23.51 26416
2460281.638368 0.99815 0.00113 1.2839 -2.9 0.85 22.14 27315
2460281.638507 0.99782 0.00113 1.2847 -1.66 0.59 22.85 21342
2460281.638646 0.99824 0.00113 1.2855 -0.62 0.13 22.8 28487
2460281.638784 0.9975 0.00113 1.2863 -0.77 3.74 21.68 29763
2460281.638923 0.99812 0.00113 1.2871 0.12 0.59 22.08 30834
2460281.639062 0.99544 0.00113 1.2879 -0.9 2.31 21.95 28216
2460281.6392 1.00075 0.00114 1.2887 -0.72 2.65 22.85 23108
2460281.639339 0.99761 0.00113 1.2895 -4.0 2.46 21.35 28882
2460281.639478 0.99819 0.00114 1.2903 -3.72 1.02 21.53 31206
2460281.639617 0.99803 0.00114 1.2911 -4.8 1.88 23.09 25331
2460281.639756 0.99767 0.00114 1.2919 -1.26 0.61 22.3 24932
2460281.639894 0.99735 0.00114 1.2927 -0.94 2.0 21.88 29900
2460281.640033 0.99934 0.00114 1.2935 -0.5 3.37 21.4 32583
2460281.640172 0.99701 0.00114 1.2944 -4.13 4.26 22.96 23928
2460281.640311 0.9997 0.00114 1.2952 -2.39 4.27 22.19 28262
2460281.640449 0.99723 0.00114 1.2959 -1.11 1.44 23.99 26794
2460281.640588 0.99935 0.00114 1.2968 -1.55 3.42 22.76 31802
2460281.640727 0.99723 0.00114 1.2976 1.01 -0.21 22.7 28429
2460281.640865 0.99782 0.00114 1.2985 1.61 1.59 22.08 29752
2460281.641004 0.99697 0.00114 1.2992 -0.18 1.65 21.55 31638
2460281.641143 0.9994 0.00115 1.3001 -3.45 2.34 23.28 25091
2460281.641282 0.99751 0.00115 1.3009 -4.83 4.99 22.25 30184
2460281.641421 0.99687 0.00115 1.3018 -5.75 2.53 23.58 27416
2460281.641559 0.99847 0.00115 1.3026 -4.23 1.65 23.98 27441
2460281.641698 0.9999 0.00115 1.3035 -2.23 2.96 23.69 19817
2460281.641836 0.99486 0.00115 1.3043 1.48 1.23 22.5 25430
2460281.641976 0.99853 0.00115 1.3051 -0.29 1.07 22.3 25489
2460281.642114 0.99887 0.00115 1.306 -1.13 3.93 22.93 25290
2460281.642253 1.00047 0.00116 1.3068 -0.1 1.64 21.42 26204
2460281.642392 0.99674 0.00115 1.3076 -1.41 0.7 22.74 23655
2460281.64253 1.00063 0.00116 1.3085 0.45 -1.34 23.24 28085
2460281.642669 0.99707 0.00116 1.3094 0.27 2.45 22.1 26829
2460281.642808 0.99872 0.00116 1.3102 0.02 3.44 22.71 26482
2460281.642947 0.99948 0.00116 1.311 -0.75 2.14 22.26 24463
2460281.643086 0.99896 0.00116 1.3119 -2.46 3.82 22.8 29167
2460281.643225 0.99695 0.00116 1.3128 -4.64 3.5 22.23 25288
2460281.643363 0.99915 0.00116 1.3136 -3.86 2.15 22.22 26670
2460281.643502 0.99838 0.00116 1.3144 -3.22 1.91 24.15 21118
2460281.64364 0.99816 0.00116 1.3154 0.5 1.0 21.73 31121
2460281.643779 0.99487 0.00116 1.3161 1.51 0.55 23.82 23152
2460281.643918 0.99808 0.00117 1.3171 -0.37 0.54 22.32 22387
2460281.644057 0.99826 0.00117 1.318 -2.43 4.15 22.76 25458
2460281.644196 0.99883 0.00117 1.3188 -2.52 -0.87 22.57 31890
2460281.644334 0.99897 0.00117 1.3196 -2.12 2.02 22.06 28283
2460281.644472 0.99896 0.00117 1.3206 -2.48 1.88 22.05 30137
2460281.644611 0.99607 0.00117 1.3214 -2.45 0.99 21.86 31120
2460281.64475 0.9991 0.00117 1.3222 -0.47 2.83 21.89 27747
2460281.644888 0.99697 0.00117 1.3231 -0.23 0.18 22.91 29456
2460281.645027 0.999 0.00118 1.3241 -0.26 -0.55 22.21 27422
2460281.645166 0.99734 0.00117 1.325 -1.69 0.25 21.98 28434
2460281.645304 0.99714 0.00118 1.3258 -3.21 0.79 22.58 30279
2460281.645443 0.99752 0.00118 1.3267 -3.87 0.52 21.61 30669
2460281.645582 1.00003 0.00118 1.3275 -1.7 2.57 21.2 30350
2460281.645721 1.00032 0.00118 1.3284 -1.25 3.03 23.03 24214
2460281.645859 0.99959 0.00118 1.3293 -2.9 2.28 22.06 27099
2460281.645998 0.99817 0.00118 1.3303 -3.37 1.62 21.74 28335
2460281.646137 0.99689 0.00118 1.3312 -3.6 2.4 21.2 31651
2460281.646276 0.99706 0.00118 1.332 -4.41 1.81 23.22 22400
2460281.646415 0.99995 0.00119 1.3329 -2.93 2.35 21.16 33695
2460281.646554 0.99814 0.00119 1.3339 -1.62 -0.04 22.74 24924
2460281.646693 0.99752 0.00119 1.3347 -0.2 2.04 22.07 28939
2460281.646831 0.99506 0.00118 1.3357 3.02 3.54 21.91 27597
2460281.64697 0.99655 0.00119 1.3366 2.14 3.1 22.4 30636
2460281.647108 0.9991 0.00119 1.3375 -0.46 1.83 22.34 25896
2460281.647247 0.99717 0.00119 1.3384 -3.55 0.62 22.85 25971
2460281.647386 0.99813 0.00119 1.3393 -4.52 1.24 22.79 24227
2460281.647525 0.99882 0.00119 1.3402 -2.56 2.12 21.69 24817
2460281.647663 0.99795 0.00119 1.3411 -1.77 1.3 22.77 28088
2460281.647802 0.99631 0.00119 1.3421 -2.79 3.41 21.92 28608
2460281.647941 0.99925 0.0012 1.343 -5.9 4.77 22.4 27741
2460281.64808 0.9986 0.0012 1.344 -6.47 2.86 22.3 28548
2460281.648219 0.99865 0.0012 1.3448 -7.18 3.32 22.27 29614
2460281.648358 0.9987 0.0012 1.3458 -1.04 1.71 21.04 25272
2460281.648496 0.99763 0.0012 1.3467 0.24 1.0 22.16 25811
2460281.648635 0.99732 0.0012 1.3476 1.83 0.99 22.76 22088
2460281.648774 0.9973 0.0012 1.3486 5.01 1.96 21.9 25204
2460281.64905 0.99569 0.0012 1.3504 -2.91 1.9 22.47 22830
2460281.649189 0.99834 0.00121 1.3514 -1.21 2.35 23.37 22079
2460281.649328 0.99882 0.00121 1.3523 -5.68 1.65 22.46 27319
2460281.649466 0.99767 0.00121 1.3533 -3.04 1.39 22.94 24356
2460281.649605 0.99872 0.00121 1.3542 -1.26 3.21 22.84 28364
2460281.649744 0.99591 0.00121 1.3552 -1.43 0.88 21.86 31633
2460281.649883 0.9997 0.00121 1.3561 -4.5 2.9 22.01 23361
2460281.650021 0.99772 0.00121 1.3571 -6.83 2.77 22.53 22894
2460281.65016 0.99731 0.00121 1.3581 -1.93 1.46 22.74 28727
2460281.650299 0.99903 0.00121 1.359 -0.1 2.51 22.92 26950
2460281.650438 0.99846 0.00121 1.36 0.7 4.57 22.18 29123
2460281.650577 0.99755 0.00121 1.3609 0.8 2.33 22.6 26991
2460281.650716 0.99716 0.00122 1.3619 1.72 2.22 23.16 24062
2460281.650854 0.99635 0.00122 1.3629 1.85 0.08 22.28 29305
