2460281.440256 1.00395 0.00115 1.1322 -2.52 0.17 19.04 34639
2460281.440395 1.00369 0.00115 1.1318 -1.45 1.91 18.37 41468
2460281.440533 1.00359 0.00115 1.1313 -0.56 1.13 19.41 39992
2460281.440672 1.00506 0.00115 1.1309 -0.46 -0.51 19.05 42202
2460281.440811 1.00297 0.00115 1.1304 -0.56 0.33 18.9 41547
2460281.440949 1.00469 0.00115 1.13 2.85 0.75 18.91 38015
2460281.441088 1.00456 0.00115 1.1296 3.69 -1.24 18.67 34371
2460281.441226 1.00435 0.00115 1.1291 6.49 0.11 19.44 36296
2460281.441364 1.00404 0.00115 1.1287 8.5 -0.33 19.75 35351
2460281.441503 1.0049 0.00115 1.1282 10.49 -1.81 18.57 35291
2460281.441641 1.00366 0.00115 1.1278 -0.25 -1.1 19.26 33923
2460281.44178 1.00209 0.00114 1.1273 -1.04 -0.73 19.44 33786
2460281.441919 1.00618 0.00115 1.1269 -3.76 -2.2 19.34 35512
2460281.442057 1.00218 0.00114 1.1264 -6.42 -2.64 19.14 29733
2460281.442196 1.0037 0.00115 1.126 -2.38 0.16 20.29 29129
2460281.442334 1.00528 0.00115 1.1255 -0.6 -1.71 18.79 34864
2460281.442472 1.00343 0.00114 1.1251 -0.32 -1.38 19.48 31120
2460281.442611 1.00358 0.00114 1.1247 -1.81 -2.53 19.67 32723
2460281.442749 1.00446 0.00114 1.1242 0.33 -1.17 19.03 31153
2460281.442888 1.00545 0.00114 1.1238 1.52 -0.24 19.22 35563
2460281.443027 1.00415 0.00114 1.1234 -3.89 -1.19 19.86 35096
2460281.443165 1.00443 0.00114 1.123 6.63 -1.63 18.84 32315
2460281.443304 1.00575 0.00114 1.1225 8.09 -1.44 18.75 34043
2460281.443442 1.00081 0.00114 1.1221 2.56 -1.08 19.45 33567
2460281.44358 1.00417 0.00114 1.1217 1.31 -0.59 18.6 34671
2460281.443719 1.00443 0.00114 1.1212 0.49 0.7 19.33 33165
2460281.443857 1.00382 0.00114 1.1208 -2.49 -3.26 18.98 35264
2460281.443996 1.00382 0.00114 1.1204 -2.14 -1.66 19.62 28946
2460281.444134 1.00356 0.00114 1.1199 -5.75 0.97 18.68 33889
2460281.444273 1.00321 0.00114 1.1195 -3.56 -0.89 18.79 38766
2460281.444411 1.00347 0.00114 1.1191 -3.1 1.18 19.09 36259
2460281.44455 1.00507 0.00114 1.1187 -0.8 -3.27 18.8 36180
2460281.444688 1.00512 0.00114 1.1183 1.37 -0.52 19.04 32612
2460281.444826 1.00462 0.00114 1.1178 5.79 -1.48 19.13 34586
2460281.444965 1.00263 0.00113 1.1174 5.33 -1.62 19.79 34665
2460281.445103 1.00381 0.00114 1.117 7.96 -0.79 19.13 36720
2460281.445242 1.00326 0.00113 1.1166 3.25 -0.57 19.12 40622
2460281.445379 1.00458 0.00113 1.1162 1.93 -0.59 18.89 39355
2460281.445518 1.0038 0.00113 1.1158 -1.06 -0.4 18.86 35309
2460281.445656 1.00276 0.00113 1.1153 -4.12 -1.6 19.54 33402
2460281.445795 1.00353 0.00113 1.1149 -4.45 -0.31 19.02 35643
2460281.445933 1.00225 0.00113 1.1145 -5.54 -0.33 18.47 35820
2460281.446072 1.00567 0.00113 1.1141 -6.79 -0.24 18.33 39907
2460281.44621 1.00342 0.00113 1.1137 -5.37 -1.79 18.27 38043
2460281.446349 1.00524 0.00113 1.1133 -3.0 -1.81 18.48 34883
2460281.446487 1.00469 0.00113 1.1129 1.7 -0.71 18.43 38347
2460281.446626 1.00649 0.00113 1.1125 3.62 -0.61 18.63 37072
2460281.446764 1.00427 0.00113 1.1121 5.17 -1.79 18.88 35929
2460281.446903 1.007 0.00113 1.1117 7.47 -1.48 18.42 36866
2460281.447041 1.00526 0.00113 1.1113 2.85 0.24 18.73 36895
2460281.44718 1.00485 0.00113 1.1108 2.62 1.09 19.38 39216
2460281.447318 1.00456 0.00113 1.1104 3.72 -2.88 19.18 37068
2460281.447457 1.00441 0.00113 1.11 -1.08 -3.92 18.89 35998
2460281.447595 1.00385 0.00113 1.1096 -3.56 -0.87 20.29 30723
2460281.447734 1.00347 0.00113 1.1092 -5.75 -0.96 19.11 36542
2460281.447872 1.00485 0.00113 1.1088 -7.34 -0.36 19.38 37283
2460281.44801 1.00427 0.00113 1.1085 -8.4 -1.6 18.98 40709
2460281.448149 1.0035 0.00113 1.108 -6.51 -2.54 18.82 32339
2460281.448287 1.0046 0.00113 1.1077 3.16 -0.06 18.63 39000
2460281.448426 1.00296 0.00112 1.1073 3.76 0.38 18.76 43032
2460281.448564 1.00741 0.00113 1.1069 5.85 -2.02 18.75 32693
2460281.448703 1.00607 0.00113 1.1065 8.28 -1.63 18.36 35263
2460281.448841 1.0051 0.00113 1.1061 3.63 -0.94 19.07 34082
2460281.44898 1.00612 0.00113 1.1057 2.21 1.17 18.55 41690
2460281.449119 1.00573 0.00112 1.1053 4.12 -1.36 18.89 35056
2460281.449257 1.00572 0.00112 1.1049 2.73 -2.17 19.09 32966
2460281.449396 1.00469 0.00112 1.1045 0.26 -1.27 19.68 29283
2460281.449534 1.00432 0.00112 1.1041 -4.63 -0.91 18.48 36628
2460281.449673 1.00414 0.00112 1.1038 -5.95 0.0 18.46 37536
2460281.449811 1.0053 0.00112 1.1034 -7.35 -1.03 18.64 40031
2460281.44995 1.00471 0.00112 1.103 -6.76 -2.1 18.97 31456
2460281.450088 1.00541 0.00112 1.1026 4.07 -0.52 19.39 33072
2460281.450227 1.00423 0.00112 1.1022 3.22 -0.99 18.48 37973
2460281.450365 1.00498 0.00112 1.1018 5.95 -2.92 18.89 33997
2460281.450503 1.00656 0.00112 1.1015 5.25 -0.72 18.66 38304
2460281.450642 1.00369 0.00112 1.1011 2.4 0.86 18.65 38074
2460281.450781 1.00368 0.00112 1.1007 3.74 -0.58 19.16 36970
2460281.450919 1.00553 0.00112 1.1003 4.62 -1.51 18.48 37272
2460281.451058 1.00494 0.00112 1.0999 2.47 -1.81 17.95 36642
2460281.451196 1.00345 0.00112 1.0996 1.13 -0.74 19.48 28646
2460281.451335 1.00439 0.00112 1.0992 -0.72 -0.6 18.44 38927
2460281.451473 1.00236 0.00112 1.0988 -2.75 -0.68 18.48 36494
2460281.451611 1.00354 0.00112 1.0984 -4.71 -0.73 18.35 38578
2460281.45175 1.00416 0.00112 1.0981 -3.94 2.02 18.62 32849
2460281.451888 1.0023 0.00111 1.0977 -2.69 0.14 18.02 38497
2460281.452027 1.00451 0.00112 1.0973 0.93 -0.98 18.07 38279
2460281.452165 1.00475 0.00112 1.097 3.56 -1.22 20.09 33399
2460281.452304 1.00433 0.00112 1.0966 4.61 -0.35 18.55 36646
2460281.452442 1.00402 0.00111 1.0962 0.63 1.78 18.8 36954
2460281.452581 1.00551 0.00112 1.0959 2.04 -2.12 18.9 39922
2460281.452719 1.00401 0.00111 1.0955 2.33 -0.81 18.48 37706
2460281.452858 1.00529 0.00112 1.0951 2.72 -1.06 18.89 37293
2460281.452996 1.00534 0.00111 1.0948 2.1 -1.64 19.15 33718
2460281.453135 1.00586 0.00111 1.0944 1.3 -1.44 18.5 39663
2460281.453274 1.00487 0.00111 1.0941 0.63 -1.15 18.83 39361
2460281.453412 1.00441 0.00111 1.0937 -0.57 -2.49 18.39 39943
2460281.453551 1.00353 0.00111 1.0933 -1.25 -0.01 18.38 39688
2460281.453689 1.00527 0.00111 1.093 -1.29 0.07 18.35 38752
2460281.453828 1.00224 0.00111 1.0926 -1.53 -0.3 19.58 37151
2460281.453967 1.00559 0.00111 1.0922 -1.85 -0.27 18.39 37833
2460281.454105 1.00604 0.00111 1.0919 1.57 -0.78 17.86 39809
2460281.454243 1.00729 0.00111 1.0916 1.31 0.84 18.77 33915
2460281.454382 1.00477 0.00111 1.0912 0.03 1.02 18.43 39896
2460281.45452 1.00542 0.00111 1.0908 0.0 -1.4 18.15 40839
2460281.454659 1.00438 0.00111 1.0905 0.75 0.69 18.46 39430
2460281.454797 1.00641 0.00111 1.0901 0.27 -2.01 18.59 33126
2460281.454936 1.00455 0.00111 1.0898 0.61 0.04 17.83 45810
2460281.455074 1.00468 0.00111 1.0894 1.91 -0.08 18.35 37841
2460281.455213 1.0036 0.00111 1.0891 0.74 -1.75 18.14 43865
2460281.455351 1.00501 0.00111 1.0887 -0.47 -1.83 19.11 34209
2460281.45549 1.00463 0.00111 1.0884 -1.72 0.06 17.99 41150
2460281.455628 1.0052 0.00111 1.088 -3.34 0.77 18.21 40326
2460281.455767 1.00556 0.00111 1.0877 -1.59 -0.72 19.09 37584
2460281.455906 1.00382 0.00111 1.0873 -1.55 -1.57 18.15 43747
2460281.456044 1.00313 0.0011 1.087 1.15 -0.41 18.83 37457
2460281.456183 1.00349 0.0011 1.0866 2.88 0.86 18.2 43792
2460281.456321 1.00415 0.0011 1.0863 1.3 -1.06 18.23 41407
2460281.45646 1.00439 0.00111 1.086 -0.97 -1.73 18.52 46516
2460281.456598 1.00534 0.00111 1.0856 1.08 -1.36 18.3 37304
2460281.456737 1.00505 0.0011 1.0853 -0.99 -1.16 17.62 46373
2460281.456875 1.00351 0.0011 1.085 0.31 -0.87 17.88 48008
2460281.457014 1.00504 0.0011 1.0846 1.06 -0.6 17.91 39509
2460281.457152 1.00286 0.0011 1.0843 2.19 -2.73 19.5 38274
2460281.457291 1.00187 0.0011 1.084 0.05 -0.86 17.76 42013
2460281.457428 1.00421 0.0011 1.0836 -2.61 0.29 18.6 39018
2460281.457567 1.00378 0.0011 1.0833 -2.87 -1.87 18.32 41619
2460281.457705 1.00424 0.0011 1.0829 -2.06 -3.94 18.2 41790
2460281.457843 1.00661 0.0011 1.0826 -0.62 0.01 18.37 36553
2460281.457982 1.00393 0.0011 1.0823 0.79 1.34 18.14 46087
2460281.458121 1.00438 0.0011 1.0819 1.36 -0.5 18.21 43717
2460281.458259 1.00428 0.0011 1.0816 -0.01 -2.0 17.92 45310
2460281.458397 1.00425 0.0011 1.0813 0.06 0.51 18.74 41468
2460281.458536 1.00486 0.0011 1.081 -1.65 0.28 18.27 47301
2460281.458674 1.005 0.0011 1.0807 0.21 -0.4 17.88 48125
2460281.458813 1.00306 0.0011 1.0803 0.9 -0.57 18.15 43769
2460281.458951 1.00283 0.0011 1.08 -0.39 -2.52 17.95 44129
2460281.45909 1.00239 0.0011 1.0797 2.6 -2.01 18.91 43679
2460281.459229 1.00432 0.0011 1.0794 0.65 0.42 17.84 48232
2460281.459367 1.00309 0.0011 1.079 -1.3 -0.8 18.51 46739
2460281.459505 1.00395 0.0011 1.0787 0.05 -1.62 18.4 44050
2460281.459644 1.00408 0.0011 1.0784 -1.89 1.0 18.07 45643
2460281.459782 1.00321 0.0011 1.078 -1.24 -1.61 17.91 43522
2460281.459921 1.0023 0.0011 1.0777 0.44 -1.75 18.14 47978
2460281.460059 1.00278 0.00109 1.0774 0.15 -1.8 18.3 44107
2460281.460198 1.00389 0.0011 1.0771 0.32 -2.37 19.18 37017
2460281.460337 1.00455 0.0011 1.0768 -2.84 -2.63 18.38 45824
2460281.460475 1.00283 0.00109 1.0765 -2.0 -0.39 17.77 50285
2460281.460613 1.00203 0.00109 1.0762 -2.55 -1.64 18.04 47332
2460281.460752 1.00586 0.0011 1.0759 -1.89 -2.26 17.82 42820
2460281.46089 1.00397 0.0011 1.0755 1.51 0.03 17.8 45479
2460281.461029 1.00394 0.00109 1.0752 3.05 -0.65 17.73 48752
2460281.461167 1.00429 0.00109 1.0749 2.81 -0.51 19.05 48054
2460281.461306 1.00481 0.00109 1.0746 1.31 -2.63 19.65 48298
2460281.461444 1.00387 0.00109 1.0743 -0.46 -1.69 17.8 37357
2460281.461583 1.00173 0.00109 1.074 -0.98 -1.97 18.18 43238
2460281.461721 1.00344 0.00109 1.0737 -2.76 -0.38 18.36 42088
2460281.46186 1.00566 0.00109 1.0734 -2.7 -0.52 18.63 48095
2460281.461999 1.00275 0.00109 1.0731 -1.83 -2.22 18.48 37064
2460281.462138 1.00343 0.00109 1.0728 -1.17 -2.4 18.48 41454
2460281.462276 1.00357 0.00109 1.0724 -2.42 -2.08 18.41 44862
2460281.462415 1.00374 0.00109 1.0722 -2.81 -2.19 18.46 44446
2460281.462553 1.00431 0.00109 1.0719 -3.58 -1.47 17.91 39082
2460281.462691 1.00484 0.00109 1.0715 1.73 -1.21 18.05 39678
2460281.46283 1.00553 0.00109 1.0712 2.85 -0.6 18.23 42874
2460281.462968 1.0049 0.00109 1.0709 2.78 -1.5 17.62 41102
2460281.463107 1.00131 0.00109 1.0706 3.61 -2.0 17.67 46171
2460281.463245 1.00234 0.00109 1.0703 -1.01 2.16 18.27 36071
2460281.463384 1.00369 0.00109 1.07 -0.67 -0.64 18.23 44510
2460281.463522 1.00404 0.00109 1.0698 -1.63 -0.64 18.01 46415
2460281.463661 1.00486 0.00109 1.0695 -3.6 -1.57 18.3 47867
2460281.463799 1.00436 0.00109 1.0692 -2.03 -1.59 17.84 40853
2460281.463938 1.00312 0.00109 1.0689 -2.14 0.1 18.36 44415
2460281.464076 1.00249 0.00109 1.0686 -0.5 -1.54 18.37 46026
2460281.464215 1.00347 0.00109 1.0683 -3.45 -0.34 17.92 42224
2460281.464353 1.00336 0.00109 1.068 -3.54 -0.44 18.87 43818
2460281.464491 1.00262 0.00109 1.0677 0.51 -0.43 18.2 47048
2460281.46463 1.00268 0.00109 1.0674 -0.23 0.21 18.06 45864
2460281.464768 1.00339 0.00109 1.0671 1.44 -2.71 17.92 47090
2460281.464907 1.0038 0.00109 1.0668 3.33 -3.76 18.7 49163
2460281.465045 1.00475 0.00109 1.0665 0.68 -0.7 17.84 37879
2460281.465184 1.00323 0.00109 1.0663 -0.74 -0.84 17.69 45041
2460281.465322 1.00364 0.00109 1.066 -1.9 -1.19 18.43 44280
2460281.465461 1.00378 0.00109 1.0657 -2.12 -2.09 19.31 43816
2460281.465599 1.00327 0.00108 1.0654 -1.38 -1.26 18.02 40842
2460281.465739 1.00238 0.00108 1.0651 2.28 1.59 17.87 49831
2460281.465877 1.00471 0.00109 1.0648 -0.23 -0.86 17.31 49137
2460281.466015 1.00445 0.00109 1.0645 -0.28 -0.97 17.72 46612
2460281.466154 1.00364 0.00108 1.0643 -2.22 -1.24 17.98 46576
2460281.466292 1.00045 0.00108 1.064 -1.86 -0.71 17.57 46369
2460281.46643 1.00205 0.00108 1.0637 -1.21 -0.8 17.47 50078
2460281.466569 1.00421 0.00108 1.0634 -0.94 -2.02 18.87 49855
2460281.466707 1.00329 0.00108 1.0631 0.36 0.44 17.71 45419
2460281.466846 1.00303 0.00108 1.0629 3.63 -1.62 18.03 45375
2460281.466984 1.00212 0.00108 1.0626 2.1 -0.38 17.93 46879
2460281.467122 1.00486 0.00108 1.0623 1.46 -0.11 17.93 47906
2460281.467261 1.00385 0.00108 1.062 1.39 -1.39 17.83 50717
2460281.467399 1.0048 0.00108 1.0618 0.29 -1.89 18.48 38855
2460281.467538 1.00198 0.00108 1.0615 -2.48 0.87 17.92 51119
2460281.467676 1.00338 0.00108 1.0612 0.01 -2.46 17.75 52478
2460281.467814 1.00294 0.00108 1.061 -0.48 -0.82 18.52 47789
2460281.467953 1.00263 0.00108 1.0607 -3.41 -1.54 18.25 40258
2460281.468091 1.00249 0.00108 1.0604 -3.37 0.03 17.81 51018
2460281.46823 1.00421 0.00108 1.0601 -3.75 -0.52 18.53 47428
2460281.468368 1.00316 0.00108 1.0599 -2.97 -0.14 18.17 44874
2460281.468507 1.00185 0.00108 1.0596 -2.28 -2.07 17.79 48174
2460281.468645 1.00382 0.00108 1.0593 0.59 -0.46 18.38 40345
2460281.468784 1.0047 0.00108 1.0591 3.77 0.29 18.07 45332
2460281.468922 1.00471 0.00108 1.0588 4.32 -0.01 17.58 46173
2460281.469061 1.00179 0.00108 1.0585 2.73 -1.08 17.95 48438
2460281.469199 1.00475 0.00108 1.0583 1.31 -1.77 20.08 41176
2460281.469338 1.00398 0.00108 1.058 -0.63 0.3 17.99 47432
2460281.469475 1.00395 0.00108 1.0578 -1.63 -0.79 17.44 46186
2460281.469614 1.00411 0.00108 1.0575 -2.59 -1.87 17.82 49501
2460281.469752 1.0035 0.00108 1.0572 -3.16 0.14 17.62 51009
2460281.469891 1.00224 0.00108 1.057 -1.54 -1.18 18.43 54737
2460281.47003 1.00259 0.00108 1.0567 -1.76 -1.28 17.52 53815
2460281.470168 1.0026 0.00108 1.0565 -1.44 -3.59 18.73 51788
2460281.470307 1.00441 0.00108 1.0562 -1.32 -1.19 17.55 52708
2460281.470445 1.00587 0.00108 1.0559 -1.58 1.04 18.29 42992
2460281.470584 1.00367 0.00108 1.0557 1.58 -0.16 17.52 49328
2460281.470722 1.00425 0.00108 1.0554 0.9 -1.47 17.87 49736
2460281.47086 1.00333 0.00108 1.0552 2.15 -2.01 18.42 49716
2460281.470999 1.003 0.00108 1.0549 -0.61 0.45 19.41 36002
2460281.471137 1.00447 0.00108 1.0547 -3.09 -0.51 17.38 57664
2460281.471276 1.00432 0.00108 1.0544 -4.3 -1.54 17.5 49730
2460281.471414 1.00326 0.00108 1.0542 -3.1 -0.46 17.52 49892
2460281.471553 1.00621 0.00108 1.0539 -4.01 -1.7 17.15 48570
2460281.471692 1.00381 0.00108 1.0537 1.51 -2.02 17.45 50766
2460281.47183 1.00524 0.00108 1.0534 0.26 -0.6 17.1 53693
2460281.471969 1.00227 0.00107 1.0532 -0.03 -1.75 18.16 52207
2460281.472107 1.00556 0.00108 1.0529 -1.16 -0.84 17.19 51162
2460281.472246 1.00501 0.00108 1.0527 1.02 -0.68 17.86 52353
2460281.472384 1.0042 0.00107 1.0524 1.56 0.81 17.48 56668
2460281.472522 1.00482 0.00107 1.0522 -0.3 -1.49 17.23 53485
2460281.472661 1.0031 0.00107 1.0519 1.56 -1.67 17.55 58926
2460281.472799 1.00287 0.00107 1.0517 1.17 0.28 18.11 45665
2460281.472938 1.00258 0.00107 1.0515 -1.14 -1.3 17.88 51624
2460281.473076 1.00344 0.00107 1.0512 -2.89 -0.04 17.59 49270
2460281.473215 1.00296 0.00107 1.051 -4.47 -2.2 17.14 54247
2460281.473353 1.00168 0.00107 1.0507 -4.74 -2.35 17.1 58700
2460281.473492 1.00182 0.00107 1.0505 0.48 0.02 17.71 50379
2460281.47363 1.00416 0.00107 1.0503 1.7 -2.1 18.05 53402
2460281.473769 1.00359 0.00107 1.05 2.59 -1.4 17.19 53373
2460281.473908 1.00316 0.00107 1.0498 2.62 -0.06 17.04 59858
2460281.474046 1.0042 0.00107 1.0495 0.14 -0.79 18.39 43890
2460281.474185 1.00513 0.00107 1.0493 1.08 0.39 17.91 54671
2460281.474323 1.00443 0.00107 1.0491 2.38 -2.29 18.16 53475
2460281.474462 1.00356 0.00107 1.0488 2.71 -1.02 18.37 52295
2460281.4746 1.00494 0.00107 1.0486 1.69 -0.46 17.62 48398
2460281.474739 1.0035 0.00107 1.0484 -0.36 0.9 17.27 57182
2460281.474877 1.00193 0.00107 1.0481 -0.94 -0.76 16.91 54478
2460281.475016 1.00327 0.00107 1.0479 -2.2 -1.79 17.16 55399
2460281.475154 1.00186 0.00107 1.0477 -3.29 -2.09 17.59 53030
2460281.475293 1.00242 0.00107 1.0475 -1.14 2.01 17.51 52573
2460281.475431 1.00308 0.00107 1.0472 -0.24 -1.74 17.45 50164
2460281.47557 1.00312 0.00107 1.047 2.12 -1.58 17.35 49340
2460281.475709 1.00477 0.00107 1.0468 2.63 -0.32 17.55 52900
2460281.475847 1.00298 0.00107 1.0465 1.83 -2.51 19.05 46273
2460281.475985 1.0025 0.00107 1.0463 0.36 0.48 17.16 59198
2460281.476124 1.00289 0.00107 1.0461 -0.9 -1.05 17.43 55960
2460281.476262 1.00205 0.00107 1.0459 -0.47 -0.13 16.92 51602
2460281.476401 1.00472 0.00107 1.0456 -0.34 -0.06 17.01 54463
2460281.476539 1.00304 0.00107 1.0454 1.1 1.61 17.92 51870
2460281.476677 1.00269 0.00107 1.0452 1.67 -0.01 17.96 55367
2460281.476816 1.00203 0.00107 1.045 -0.47 -2.05 16.63 50153
2460281.476954 1.00244 0.00106 1.0448 -0.06 -1.57 18.22 53179
2460281.477093 1.00103 0.00106 1.0445 -1.98 0.95 17.52 51871
2460281.477232 1.00461 0.00107 1.0443 -1.68 -0.86 17.16 53272
2460281.47737 1.00262 0.00107 1.0441 -1.99 -2.64 17.23 53301
2460281.477509 1.00448 0.00107 1.0439 0.61 -1.78 17.29 50265
2460281.477647 1.0044 0.00107 1.0437 1.14 -0.94 17.37 47460
2460281.477786 1.00425 0.00107 1.0435 1.67 -2.1 18.31 54485
2460281.477924 1.00417 0.00107 1.0432 1.48 -1.17 17.68 56546
2460281.478063 1.00241 0.00106 1.043 1.17 -0.61 16.99 50633
2460281.478201 1.00297 0.00106 1.0428 0.69 -0.74 17.52 44537
2460281.47834 1.00354 0.00107 1.0426 4.91 -1.89 17.27 50495
2460281.478478 1.00394 0.00106 1.0424 3.25 -1.13 16.84 50548
2460281.478616 1.00313 0.00106 1.0422 5.87 -3.83 17.61 50821
2460281.478755 1.00211 0.00106 1.042 1.42 -2.69 16.78 54296
2460281.478893 1.00393 0.00106 1.0417 -2.22 -0.03 17.73 49057
2460281.479032 1.00336 0.00106 1.0415 -3.06 0.86 17.18 59598
2460281.47917 1.00367 0.00106 1.0413 -3.2 0.46 17.5 53648
2460281.479309 1.00236 0.00106 1.0411 -3.78 -3.0 17.2 49575
2460281.479448 1.00428 0.00106 1.0409 1.77 -0.41 17.17 50633
2460281.479586 1.00305 0.00106 1.0407 1.8 -0.3 17.17 55107
2460281.479725 1.00483 0.00106 1.0405 1.16 -1.44 17.64 59581
2460281.479863 1.00566 0.00107 1.0403 1.7 -0.72 16.9 54752
2460281.480001 1.00507 0.00106 1.0401 2.37 -2.48 18.36 52129
2460281.48014 1.00225 0.00106 1.0399 -0.01 -0.91 17.01 58662
2460281.480278 1.00417 0.00106 1.0397 0.73 -2.22 16.95 53397
2460281.480417 1.00438 0.00106 1.0395 1.65 -1.16 16.89 55599
2460281.480556 1.00255 0.00106 1.0393 2.36 -2.36 16.62 55587
2460281.480694 1.0036 0.00106 1.0391 -0.71 0.29 17.18 54143
2460281.480833 1.00203 0.00106 1.0389 -3.97 0.76 17.15 53324
2460281.480971 1.00235 0.00106 1.0387 -3.45 -0.85 16.86 54745
2460281.481109 1.00504 0.00106 1.0385 -4.67 -2.15 17.7 56506
2460281.481248 1.00405 0.00106 1.0383 -1.35 0.3 17.71 49907
2460281.481386 1.0022 0.00106 1.0381 1.55 -0.57 16.55 59718
2460281.481524 1.00221 0.00106 1.0379 1.84 -1.6 16.98 57808
2460281.481662 1.00635 0.00106 1.0377 1.6 0.69 16.61 59344
2460281.4818 1.00272 0.00106 1.0375 1.17 0.09 16.75 51773
2460281.481939 1.00353 0.00106 1.0373 1.13 0.58 17.33 57400
2460281.482077 1.00344 0.00106 1.0371 -0.68 -2.69 17.27 56110
2460281.482216 1.00358 0.00106 1.0369 1.13 -1.4 16.68 57184
2460281.482355 1.00161 0.00106 1.0367 1.0 -0.13 16.7 56698
2460281.482493 1.0057 0.00106 1.0366 0.19 2.56 16.37 55084
2460281.482632 1.00358 0.00106 1.0364 2.56 0.23 17.6 54992
2460281.48277 1.00374 0.00106 1.0362 -0.51 0.65 16.55 56877
2460281.482908 1.00186 0.00106 1.036 -1.6 -1.09 16.41 58336
2460281.483047 1.00247 0.00106 1.0358 0.17 0.93 17.95 51854
2460281.483186 1.00244 0.00106 1.0356 -1.11 0.12 16.61 57583
2460281.483324 1.00295 0.00106 1.0354 0.5 1.0 16.98 51444
2460281.483462 1.0026 0.00106 1.0352 2.23 -1.52 16.43 57661
2460281.483601 1.00165 0.00106 1.0351 0.41 -1.18 17.16 47116
2460281.483739 1.00198 0.00106 1.0349 -1.53 0.33 16.73 59744
2460281.483878 1.00313 0.00106 1.0347 -0.87 -0.82 16.42 59943
2460281.484016 1.00276 0.00106 1.0345 -0.22 -0.27 16.79 57715
2460281.484155 1.00292 0.00106 1.0343 0.04 0.45 19.07 53847
2460281.484293 1.00358 0.00106 1.0341 0.84 -0.21 17.08 52373
2460281.484432 1.0018 0.00106 1.034 1.23 -0.33 16.53 58651
2460281.484571 1.00521 0.00106 1.0338 5.57 -2.51 17.23 57711
2460281.484709 1.00122 0.00105 1.0336 2.25 -1.97 16.96 54674
2460281.484848 1.00134 0.00106 1.0334 0.47 -1.4 17.87 39546
2460281.484986 1.00296 0.00106 1.0332 -2.58 -0.36 17.07 54952
2460281.485125 1.00263 0.00106 1.0331 -1.85 -0.12 16.22 57130
2460281.485263 1.00096 0.00105 1.0329 0.81 -1.95 16.91 59160
2460281.485402 1.00346 0.00106 1.0327 0.09 -2.14 17.08 55740
2460281.48554 1.00298 0.00106 1.0325 -0.89 1.31 16.77 59756
2460281.485679 1.00091 0.00105 1.0324 -1.86 0.21 16.79 57101
2460281.485817 1.00302 0.00106 1.0322 -2.55 -1.7 16.48 55154
2460281.485956 1.0059 0.00106 1.032 -1.06 -0.98 17.36 56790
2460281.486094 1.00054 0.00105 1.0318 2.25 -7.53 17.02 56726
2460281.486232 1.0039 0.00106 1.0317 1.33 -2.07 17.29 59894
2460281.486371 1.0011 0.00105 1.0315 2.11 -0.28 17.79 54120
2460281.486509 1.0046 0.00106 1.0313 5.23 -1.41 16.9 54243
2460281.486648 1.00398 0.00106 1.0312 0.81 -0.65 18.36 41555
2460281.486787 1.00459 0.00106 1.031 -2.58 0.29 17.25 55183
2460281.486925 1.00359 0.00106 1.0308 -2.39 0.72 16.28 56726
2460281.487064 1.00201 0.00105 1.0307 -1.78 -1.53 17.21 51648
2460281.487202 1.00144 0.00105 1.0305 -2.48 -1.1 16.77 56957
2460281.487341 1.00214 0.00105 1.0303 2.63 -0.66 17.09 52348
2460281.487479 1.00327 0.00105 1.0302 1.82 -0.35 17.18 54720
2460281.487618 1.00455 0.00106 1.03 1.3 -2.04 18.1 53081
2460281.487756 1.00119 0.00105 1.0298 -0.41 0.18 16.48 49368
2460281.487895 1.00228 0.00105 1.0297 -0.27 -0.49 16.98 50757
2460281.488033 1.00204 0.00105 1.0295 2.21 0.82 16.7 54184
2460281.488172 1.0028 0.00105 1.0293 1.94 0.41 16.74 55927
2460281.48831 1.00236 0.00105 1.0292 2.1 -1.74 17.0 48096
2460281.488449 1.00336 0.00105 1.029 1.21 -1.04 18.69 40492
2460281.488587 1.00195 0.00105 1.0289 -1.05 -0.8 16.97 48936
2460281.488726 1.00165 0.00105 1.0287 0.22 -0.71 17.31 49481
2460281.488864 1.00215 0.00105 1.0285 -3.13 -1.23 17.11 47831
2460281.489003 1.00091 0.00105 1.0284 -4.39 -0.71 17.01 41060
2460281.489141 1.00268 0.00105 1.0282 1.27 1.88 17.14 54078
2460281.48928 1.00313 0.00105 1.0281 2.42 0.57 16.73 55767
2460281.489418 1.00006 0.00105 1.0279 1.94 -0.58 17.48 55422
2460281.489557 1.0007 0.00105 1.0278 0.36 0.2 16.65 55872
2460281.489695 1.00435 0.00105 1.0276 1.62 0.09 17.88 53689
2460281.489833 1.00614 0.00106 1.0275 0.41 -2.52 16.7 54889
2460281.489972 1.00303 0.00105 1.0273 0.25 -0.68 17.23 54918
2460281.49011 1.00368 0.00105 1.0272 0.83 -2.8 16.7 55751
2460281.490249 1.00308 0.00105 1.027 3.14 0.07 16.87 52179
2460281.490387 1.00207 0.00105 1.0269 1.35 -0.55 17.7 58780
2460281.490526 1.00294 0.00105 1.0267 1.52 -1.62 16.95 55990
2460281.490664 1.00476 0.00105 1.0266 0.58 -2.54 16.82 54668
2460281.490803 1.00299 0.00105 1.0264 -1.61 -1.78 17.08 54135
2460281.490942 1.00422 0.00105 1.0263 -0.41 1.76 16.5 53227
2460281.49108 1.00426 0.00105 1.0261 -0.66 0.87 16.45 54375
2460281.491219 1.00217 0.00105 1.026 0.61 -0.55 16.98 58599
2460281.491357 1.00376 0.00105 1.0258 -0.16 -1.52 16.59 55857
2460281.491496 1.00217 0.00105 1.0257 -0.65 0.45 16.98 51875
2460281.491634 1.00267 0.00105 1.0255 -1.63 0.18 16.25 54889
2460281.491773 1.00127 0.00105 1.0254 -1.9 -1.64 17.14 52205
2460281.491911 1.00273 0.00105 1.0252 -1.93 -1.28 17.81 56402
2460281.49205 1.00356 0.00105 1.0251 0.79 -0.29 16.55 51936
2460281.492188 1.00175 0.00105 1.025 2.61 -0.55 17.63 50260
2460281.492327 1.00099 0.00105 1.0248 3.16 -1.73 16.52 53496
2460281.492465 1.00023 0.00105 1.0247 1.79 -2.64 16.74 50936
2460281.492604 1.00274 0.00105 1.0245 1.91 -0.56 16.59 51825
2460281.492742 1.00157 0.00105 1.0244 -1.6 -1.25 16.72 55491
2460281.49288 1.00318 0.00105 1.0243 -1.6 0.05 16.45 50041
2460281.493019 1.00301 0.00105 1.0241 -1.19 -0.27 16.6 54911
2460281.493157 1.00193 0.00105 1.024 0.11 -1.39 16.91 51128
2460281.493296 1.00264 0.00105 1.0238 -0.08 -1.31 17.31 46155
2460281.493433 1.00204 0.00105 1.0237 0.32 0.35 16.48 52478
2460281.493572 1.00168 0.00105 1.0236 -1.89 -0.67 16.09 57566
2460281.49371 1.00382 0.00105 1.0234 -2.61 -2.08 16.96 53855
2460281.493849 1.00064 0.00105 1.0233 -1.47 -1.53 17.97 46900
2460281.493987 1.00323 0.00105 1.0232 0.72 -0.15 16.58 58105
2460281.494125 1.00287 0.00105 1.023 2.06 -3.46 16.64 54701
2460281.494264 1.00349 0.00105 1.0229 4.42 -1.52 16.65 54296
2460281.494402 1.00282 0.00105 1.0228 2.65 -2.49 16.88 58036
2460281.494541 1.00148 0.00105 1.0227 -1.22 0.15 16.82 59891
2460281.494679 1.00585 0.00105 1.0225 -2.74 1.12 16.31 58834
2460281.494818 1.00191 0.00105 1.0224 -2.32 -1.09 16.89 51687
2460281.494956 1.00287 0.00105 1.0223 -2.44 -1.14 16.58 54091
2460281.495095 1.00321 0.00105 1.0221 0.15 -0.89 18.05 56494
2460281.495233 1.00476 0.00105 1.022 0.36 -1.47 16.61 53289
2460281.495372 1.00134 0.00105 1.0219 2.0 -1.15 16.38 52987
2460281.49551 1.00352 0.00105 1.0218 0.8 -0.88 16.45 55274
2460281.495649 1.00324 0.00105 1.0216 1.35 0.1 17.54 49940
2460281.495787 1.00323 0.00105 1.0215 1.66 -0.32 16.32 57491
2460281.495925 1.00288 0.00105 1.0214 1.41 0.26 17.04 56409
2460281.496064 1.00384 0.00105 1.0213 2.64 -0.81 16.89 49941
2460281.496202 1.00409 0.00105 1.0212 3.21 -0.38 17.04 46499
2460281.496341 1.00267 0.00105 1.021 -1.32 -0.69 17.0 49879
2460281.496479 1.00381 0.00105 1.0209 -3.32 -1.09 16.93 53280
2460281.496618 1.00279 0.00105 1.0208 -3.88 -2.14 17.01 54010
2460281.496756 1.00243 0.00105 1.0207 -3.55 -2.04 16.95 50821
2460281.496895 1.00321 0.00105 1.0205 -0.66 1.05 16.72 56394
2460281.497033 1.00201 0.00105 1.0204 1.59 -1.51 16.13 57170
2460281.497172 1.00166 0.00105 1.0203 2.8 -0.71 17.3 55166
2460281.49731 1.00189 0.00105 1.0202 2.92 -0.15 17.0 54697
2460281.497449 1.00351 0.00105 1.0201 0.74 -1.52 18.4 42413
2460281.497587 1.00129 0.00104 1.02 2.17 -0.25 16.85 53069
2460281.497726 1.00329 0.00105 1.0198 1.81 -0.22 16.23 52439
2460281.497864 1.0032 0.00105 1.0197 0.93 -0.46 16.09 59514
2460281.498003 1.00588 0.00105 1.0196 1.36 0.24 16.48 59454
2460281.498141 1.0037 0.00105 1.0195 1.26 -0.28 17.01 56889
2460281.49828 1.00377 0.00105 1.0194 0.19 -0.62 16.74 56862
2460281.498418 1.00609 0.00105 1.0193 -2.89 -1.12 16.91 57920
2460281.498695 1.00362 0.00105 1.0191 -1.44 0.56 16.17 53281
2460281.498834 1.00155 0.00104 1.019 0.07 -0.2 16.26 59372
2460281.498972 1.00239 0.00104 1.0188 -0.7 -0.96 16.52 57840
2460281.499111 1.00318 0.00105 1.0187 1.39 0.59 16.52 54517
2460281.499249 1.00012 0.00104 1.0186 0.0 -1.39 16.99 51209
2460281.499387 1.0031 0.00104 1.0185 -0.86 0.48 16.41 56797
2460281.499526 1.00232 0.00104 1.0184 -0.79 -0.77 16.34 55252
2460281.499665 1.00258 0.00104 1.0183 -0.46 -1.9 16.07 53252
2460281.499803 1.00264 0.00104 1.0182 0.17 -1.38 16.3 57966
2460281.499942 1.00239 0.00104 1.0181 3.02 0.45 15.88 57886
2460281.50008 1.00308 0.00104 1.018 0.66 0.19 16.23 59379
2460281.500219 1.00302 0.00104 1.0179 2.66 -0.94 16.15 52904
2460281.500357 1.0027 0.00104 1.0178 -1.3 0.96 16.84 49542
2460281.500496 1.00399 0.00105 1.0177 -2.3 -0.71 16.27 58797
2460281.500635 1.00222 0.00104 1.0176 -3.09 -1.67 16.23 58078
2460281.500773 1.00595 0.00105 1.0175 -3.56 -1.91 15.64 58494
2460281.500912 1.00143 0.00104 1.0174 -0.34 -1.05 16.21 54311
2460281.50105 1.00215 0.00104 1.0173 0.63 -0.18 16.45 50886
2460281.501189 1.00067 0.00104 1.0172 -0.67 -0.92 16.21 57268
2460281.501327 1.00173 0.00104 1.0171 0.62 -1.37 16.73 55793
2460281.501466 1.00608 0.00105 1.017 -0.9 -0.71 17.11 58321
2460281.501604 1.00508 0.00105 1.0169 -0.2 -1.6 15.98 58309
2460281.501743 1.0034 0.00104 1.0168 0.58 0.16 15.89 56438
2460281.501881 1.00195 0.00104 1.0167 -0.46 -0.28 17.66 58010
2460281.50202 1.00429 0.00104 1.0166 0.69 -0.33 15.82 57523
2460281.502158 1.00224 0.00104 1.0165 0.39 -1.66 15.96 56606
2460281.502297 1.0015 0.00104 1.0164 -2.7 -0.45 17.0 50309
2460281.502435 1.00165 0.00104 1.0164 -3.49 0.14 16.13 59514
2460281.502574 1.00175 0.00104 1.0163 -4.91 0.46 16.61 57324
2460281.502712 1.00194 0.00104 1.0162 -5.3 -0.85 16.31 54425
2460281.502851 1.00333 0.00104 1.0161 -2.92 -1.18 16.36 40373
2460281.502989 1.00141 0.00104 1.016 2.39 -0.25 16.59 58410
2460281.503128 1.00111 0.00104 1.0159 1.72 0.14 16.07 53829
2460281.503266 1.00056 0.00104 1.0158 2.22 0.58 16.2 50721
2460281.503405 1.001 0.00104 1.0157 3.38 -1.72 16.05 59457
2460281.503544 1.0013 0.00104 1.0156 1.07 0.68 15.89 55108
2460281.503682 1.00301 0.00104 1.0156 2.09 0.93 15.96 59071
2460281.50382 1.0015 0.00104 1.0155 1.75 -0.07 16.27 56143
2460281.503959 1.00303 0.00104 1.0154 4.54 -1.64 17.34 57770
2460281.504097 1.00095 0.00104 1.0153 1.67 -0.51 16.68 42938
2460281.504236 1.0022 0.00104 1.0152 -1.34 -3.6 15.94 57973
2460281.504374 1.00183 0.00104 1.0151 -3.22 -0.63 16.17 53244
2460281.504512 1.00173 0.00104 1.0151 -4.11 -2.46 16.51 54800
2460281.504651 1.00221 0.00104 1.015 -0.87 -0.91 16.38 43080
2460281.504789 1.00143 0.00104 1.0149 1.79 1.53 16.07 54038
2460281.504928 1.00136 0.00104 1.0148 2.11 0.3 15.99 56094
2460281.505066 1.0016 0.00104 1.0147 3.57 -0.18 16.31 47353
2460281.505205 1.00091 0.00104 1.0147 2.65 -2.1 15.86 54503
2460281.505343 1.00043 0.00104 1.0146 0.1 0.66 16.29 50704
2460281.505481 1.00172 0.00104 1.0145 1.54 -2.54 16.32 56594
2460281.505619 0.99923 0.00104 1.0144 2.18 -0.36 16.56 47929
2460281.505757 1.00622 0.00105 1.0143 2.5 -1.89 16.35 51997
2460281.505896 1.00226 0.00104 1.0143 1.07 0.76 15.97 52952
2460281.506034 1.00469 0.00104 1.0142 3.06 -0.68 15.97 58754
2460281.506311 1.00286 0.00104 1.014 -1.17 -0.22 15.47 59432
2460281.50645 1.00052 0.00104 1.014 -0.33 1.02 15.47 55595
2460281.506589 1.00169 0.00104 1.0139 -1.33 0.24 16.49 59691
2460281.506727 1.00083 0.00104 1.0138 -0.05 -0.11 16.55 52709
2460281.506865 1.00064 0.00104 1.0138 2.24 0.04 16.09 57659
2460281.507004 1.00215 0.00104 1.0137 2.07 -1.58 15.86 54813
2460281.507142 1.002 0.00104 1.0136 0.87 0.07 17.57 57263
2460281.507281 1.00081 0.00104 1.0135 -1.16 -1.79 16.19 49156
2460281.507419 1.00333 0.00104 1.0135 2.02 -1.94 16.11 49977
2460281.507558 1.00263 0.00104 1.0134 1.21 -2.09 16.68 43249
2460281.507697 1.00093 0.00104 1.0133 1.01 -1.03 16.49 44188
2460281.507835 0.99942 0.00104 1.0133 3.97 -1.35 16.5 47310
2460281.507974 1.00543 0.00104 1.0132 3.04 0.51 15.82 59021
2460281.508112 0.99974 0.00104 1.0131 1.59 -0.26 15.66 56297
2460281.508251 1.00146 0.00104 1.0131 1.23 -0.64 16.33 53707
2460281.508389 1.00104 0.00104 1.013 -1.18 -0.9 16.38 55850
2460281.508528 1.00121 0.00104 1.013 -1.73 0.22 15.96 49696
2460281.508666 1.00305 0.00104 1.0129 -0.47 -0.58 16.33 53739
2460281.508944 1.00138 0.00104 1.0128 -0.82 -2.01 16.31 51417
2460281.509082 1.00266 0.00104 1.0127 -0.36 -1.49 16.32 49918
2460281.509221 1.00159 0.00104 1.0126 -2.37 -0.34 16.18 52115
2460281.509359 1.00048 0.00104 1.0126 -6.34 -0.9 16.28 47419
2460281.509498 1.00304 0.00104 1.0125 -0.23 -2.09 16.22 48452
2460281.509636 1.00155 0.00104 1.0125 1.7 -2.17 16.0 48334
2460281.509775 1.00083 0.00104 1.0124 3.24 0.6 16.65 49898
2460281.509913 1.00243 0.00104 1.0124 1.56 -0.22 16.36 50882
2460281.510052 0.99956 0.00104 1.0123 4.73 -1.05 18.29 40368
2460281.510191 1.00091 0.00104 1.0122 -4.59 -0.26 16.64 43462
2460281.510329 0.99901 0.00104 1.0122 -2.13 1.0 16.54 45860
2460281.510468 1.00062 0.00104 1.0121 -2.87 -0.84 16.0 53132
2460281.510606 0.99916 0.00104 1.0121 -1.95 -2.38 16.73 38461
2460281.510745 1.00095 0.00104 1.012 2.69 -0.77 15.83 49855
2460281.510884 0.99989 0.00104 1.012 1.77 -0.92 16.49 38586
2460281.511022 1.00102 0.00104 1.0119 -0.97 -0.95 16.75 37804
2460281.51116 1.00096 0.00104 1.0119 -1.04 0.57 16.52 40535
2460281.511299 1.00038 0.00104 1.0118 -0.58 -2.31 16.52 34571
2460281.511437 1.00143 0.00104 1.0118 0.87 -1.21 17.0 40227
2460281.511576 1.00082 0.00104 1.0117 3.37 -0.93 16.7 37197
2460281.511714 0.99988 0.00104 1.0117 2.97 -0.65 16.97 36273
2460281.511853 1.00089 0.00104 1.0116 3.14 -1.41 17.3 38683
2460281.511992 0.99979 0.00104 1.0116 0.17 -0.48 16.7 43585
2460281.51213 0.99959 0.00104 1.0115 -0.18 -0.9 17.52 30824
2460281.512269 1.0017 0.00104 1.0115 -1.36 -1.94 16.52 43065
2460281.512407 1.00024 0.00104 1.0114 0.04 0.93 16.62 45149
2460281.512546 1.00205 0.00104 1.0114 1.23 -1.68 17.11 38789
2460281.512684 1.00066 0.00104 1.0114 0.64 -0.76 16.76 47156
2460281.512823 1.00135 0.00104 1.0113 1.45 -2.62 16.11 44196
2460281.512961 1.00013 0.00104 1.0113 -1.41 -1.15 16.88 44012
2460281.5131 1.00201 0.00104 1.0112 -1.25 -2.59 17.39 34117
2460281.513238 1.0019 0.00104 1.0112 0.88 0.04 17.04 39504
2460281.513377 0.99925 0.00104 1.0111 -0.32 0.82 16.43 37835
2460281.513515 1.00117 0.00104 1.0111 -1.48 -0.23 16.81 37739
2460281.513654 1.00015 0.00104 1.0111 2.12 -0.91 16.72 52598
2460281.513792 1.00129 0.00104 1.011 3.76 -1.48 16.48 42488
2460281.513931 1.00127 0.00104 1.011 5.16 -0.16 16.58 37119
2460281.514069 1.00061 0.00104 1.011 2.79 -1.91 17.16 34304
2460281.514208 1.00142 0.00104 1.0109 4.7 -1.86 16.98 38351
2460281.514346 1.00133 0.00104 1.0109 0.64 1.96 16.54 34127
2460281.514485 1.00138 0.00104 1.0108 -0.11 -0.65 17.53 32915
2460281.514624 1.00169 0.00104 1.0108 -0.91 -1.01 17.96 39540
2460281.514762 1.00024 0.00104 1.0108 -0.62 -1.39 17.11 35290
2460281.514901 1.00302 0.00104 1.0107 -1.61 -0.15 16.94 34366
2460281.515039 1.00184 0.00104 1.0107 -4.49 -2.06 18.35 27251
2460281.515178 0.9999 0.00104 1.0107 -4.56 0.4 17.88 28989
2460281.515316 0.99988 0.00104 1.0106 -3.27 1.64 18.5 29741
2460281.515455 1.00178 0.00104 1.0106 -1.66 -1.38 17.44 27838
2460281.515593 1.00085 0.00104 1.0106 2.9 -0.07 17.86 26520
2460281.515732 1.00126 0.00104 1.0106 5.53 -0.62 18.05 26331
2460281.515871 1.00089 0.00104 1.0105 5.86 1.63 17.27 34614
2460281.516009 1.00207 0.00104 1.0105 9.99 1.2 17.84 26567
2460281.516148 1.00123 0.00104 1.0105 -1.66 -1.24 18.54 26740
2460281.516287 1.00166 0.00104 1.0104 -3.27 -1.22 17.46 32950
2460281.516425 1.0013 0.00104 1.0104 -1.61 -3.38 18.19 24859
2460281.516564 1.0007 0.00104 1.0104 -1.69 -2.13 18.14 26323
2460281.516702 1.00101 0.00104 1.0104 -0.51 -0.48 18.34 31576
2460281.516841 1.00059 0.00104 1.0103 -0.96 0.54 18.31 26103
2460281.516979 1.00076 0.00104 1.0103 -3.19 -0.22 17.71 32744
2460281.517118 1.00077 0.00104 1.0103 -0.41 -2.24 17.62 30551
2460281.517257 1.00281 0.00104 1.0103 -0.86 -2.05 17.7 30732
2460281.517395 0.99982 0.00104 1.0103 0.6 0.28 17.65 33093
2460281.517533 1.00029 0.00104 1.0102 3.19 0.3 18.11 33143
2460281.517671 0.99981 0.00104 1.0102 5.47 0.78 17.52 29702
2460281.517809 0.9994 0.00104 1.0102 5.87 -0.28 17.67 30881
2460281.517947 1.0008 0.00104 1.0102 1.76 0.92 17.3 35053
2460281.518086 0.99847 0.00103 1.0102 -0.3 2.04 16.89 33082
2460281.518225 1.00202 0.00104 1.0101 -0.91 -1.44 18.16 32919
2460281.518363 1.00032 0.00104 1.0101 0.28 -2.38 18.12 30938
2460281.518502 1.00248 0.00104 1.0101 -0.92 0.73 17.14 33614
2460281.51864 0.99985 0.00104 1.0101 -0.07 0.27 16.79 36319
2460281.518779 0.99988 0.00104 1.0101 -1.83 0.08 17.09 40873
2460281.518917 0.99971 0.00104 1.0101 -4.18 0.08 17.61 31750
2460281.519056 0.99986 0.00104 1.01 -3.56 0.06 17.43 31748
2460281.519195 1.00046 0.00104 1.01 0.16 0.64 17.77 31389
2460281.519333 1.00069 0.00104 1.01 2.03 0.29 17.53 33327
2460281.519471 1.00127 0.00104 1.01 2.95 -1.28 17.66 31108
2460281.51961 1.00144 0.00104 1.01 4.67 -1.49 17.51 35931
2460281.519748 1.00054 0.00104 1.01 3.81 0.82 17.48 34232
2460281.519887 1.00148 0.00104 1.01 2.15 -1.27 17.15 34721
2460281.520025 1.00062 0.00104 1.01 2.28 -2.94 17.55 33322
2460281.520164 1.00193 0.00104 1.0099 -0.14 0.64 17.83 31399
2460281.520302 1.00175 0.00104 1.0099 -0.0 0.73 17.49 36844
2460281.520441 1.00357 0.00104 1.0099 0.14 -2.29 17.88 32380
2460281.52058 1.00155 0.00104 1.0099 -0.43 -2.41 17.7 33595
2460281.520718 0.99977 0.00104 1.0099 -2.35 -4.32 17.95 27228
2460281.520857 0.99865 0.00103 1.0099 -3.81 0.17 17.55 30622
2460281.520995 0.99883 0.00104 1.0099 0.03 0.8 17.54 34454
2460281.521134 1.00045 0.00104 1.0099 0.36 2.25 17.56 39578
2460281.521273 0.99941 0.00104 1.0099 1.26 0.3 17.68 43269
2460281.521411 0.99998 0.00104 1.0099 3.02 0.94 17.39 45533
2460281.52155 1.00141 0.00104 1.0099 4.03 0.2 17.09 42517
2460281.521688 1.00075 0.00104 1.0099 4.82 -1.59 17.74 41036
2460281.521827 1.00036 0.00104 1.0099 6.67 1.07 17.06 41760
2460281.521965 1.00032 0.00104 1.0099 7.09 -0.08 17.49 35770
2460281.522104 1.00034 0.00104 1.0099 3.25 -2.95 19.31 30293
2460281.522242 1.00136 0.00104 1.0099 -1.49 -0.15 17.38 36637
2460281.522381 1.00069 0.00104 1.0099 -2.19 -0.73 18.23 41833
2460281.522519 0.99928 0.00104 1.0099 -2.71 -1.47 17.12 38176
2460281.522658 0.99961 0.00104 1.0099 -4.06 0.42 18.39 28868
2460281.522796 1.00139 0.00104 1.0099 -2.31 -1.6 17.81 30556
2460281.522935 1.00034 0.00104 1.0099 -3.83 -1.61 17.87 31433
2460281.523073 0.99987 0.00104 1.0099 -1.18 -0.35 17.59 34758
2460281.523212 1.00181 0.00104 1.0099 -1.4 -0.75 17.31 40924
2460281.52335 1.00019 0.00104 1.0099 3.64 0.28 17.59 34163
2460281.523489 0.99966 0.00104 1.0099 7.46 -0.01 17.74 43487
2460281.523627 1.00122 0.00104 1.0099 8.76 -0.83 16.65 51527
2460281.523766 1.00019 0.00104 1.0099 10.34 -1.14 16.87 50808
2460281.523904 0.99758 0.00103 1.0099 2.41 2.33 21.16 44808
2460281.524043 1.00043 0.00104 1.01 -0.48 0.64 16.98 50183
2460281.524182 0.99941 0.00104 1.01 -4.21 0.79 17.36 43591
2460281.52432 0.99815 0.00103 1.01 -4.18 0.0 17.79 44943
2460281.524459 0.99989 0.00104 1.01 -5.79 -0.43 17.42 39718
2460281.524597 0.99918 0.00104 1.01 -0.1 1.41 18.04 51583
2460281.524736 1.00067 0.00104 1.01 -1.01 0.66 16.8 45229
2460281.524874 1.00095 0.00104 1.01 1.11 -1.89 17.48 42860
2460281.525013 1.00176 0.00104 1.01 5.15 -1.31 16.98 45728
2460281.525151 0.999 0.00104 1.01 4.32 1.33 16.96 48389
2460281.52529 1.00028 0.00104 1.0101 7.25 0.87 17.18 44315
2460281.525428 0.99884 0.00103 1.0101 11.64 1.1 16.85 49662
2460281.525567 0.99881 0.00103 1.0101 14.35 0.41 16.77 50527
2460281.525705 1.00008 0.00104 1.0101 5.11 0.31 28.29 29408
2460281.525843 0.99972 0.00104 1.0101 -4.37 -0.31 17.05 42078
2460281.525982 0.99828 0.00103 1.0101 -8.04 -0.87 17.24 40859
2460281.52612 0.99662 0.00103 1.0102 -13.61 -1.39 17.29 55118
2460281.526259 0.99729 0.00103 1.0102 -14.24 -0.51 15.93 52944
2460281.526398 1.00086 0.00104 1.0102 -2.3 0.64 16.38 58782
2460281.526536 1.00092 0.00104 1.0102 0.32 -0.34 17.23 56222
2460281.526674 1.00052 0.00104 1.0102 -0.72 -0.45 16.83 50471
2460281.526813 1.00104 0.00104 1.0103 1.3 -0.51 16.73 51683
2460281.526951 0.99949 0.00104 1.0103 4.09 -0.89 17.48 42868
2460281.52709 1.00008 0.00104 1.0103 8.24 -0.74 17.61 49803
2460281.527229 0.99977 0.00104 1.0103 10.79 -1.04 16.73 44733
2460281.527367 1.00035 0.00104 1.0104 13.73 0.52 16.59 52813
2460281.527506 1.00035 0.00104 1.0104 9.2 -2.2 27.59 29118
2460281.527644 0.99983 0.00104 1.0104 -0.03 0.63 18.19 43747
2460281.527783 0.99957 0.00104 1.0104 -4.47 1.74 16.91 42542
2460281.527921 0.99881 0.00104 1.0105 -7.61 -0.28 16.87 49471
2460281.52806 0.99809 0.00104 1.0105 -10.58 -1.79 16.32 51046
2460281.528198 1.00153 0.00104 1.0105 -3.79 -0.44 16.52 55784
2460281.528337 1.00089 0.00104 1.0105 -3.62 -2.27 16.57 56422
2460281.528475 1.00103 0.00104 1.0106 -1.63 -0.72 16.49 58289
2460281.528614 1.00151 0.00104 1.0106 -2.76 -0.23 16.53 58925
2460281.528752 1.00045 0.00104 1.0106 0.82 -0.43 17.27 44581
2460281.528891 0.99918 0.00104 1.0107 3.96 1.5 17.63 55384
2460281.52903 1.00031 0.00104 1.0107 4.82 -1.15 16.55 54164
2460281.529307 1.00094 0.00104 1.0108 5.36 -0.58 19.41 40821
2460281.529444 1.00099 0.00104 1.0108 1.1 -0.16 16.16 59310
2460281.529583 1.0002 0.00104 1.0108 -2.06 -0.0 17.21 48352
2460281.529721 1.0006 0.00104 1.0109 -5.08 -0.31 16.9 50707
2460281.52986 0.99936 0.00104 1.0109 -7.61 -0.05 16.85 46667
2460281.529998 1.00272 0.00104 1.0109 -3.43 0.09 16.71 53544
2460281.530137 1.00117 0.00104 1.011 -4.18 -1.35 16.69 56499
2460281.530275 1.00117 0.00104 1.011 -3.7 -0.79 17.37 53798
2460281.530414 1.0038 0.00104 1.011 -1.1 -0.95 16.22 52742
2460281.530552 1.00245 0.00104 1.0111 1.75 -1.55 16.97 54578
2460281.530691 1.00076 0.00104 1.0111 1.31 0.51 16.81 50249
2460281.53083 0.99922 0.00104 1.0112 4.87 -2.33 16.24 51742
2460281.530969 1.00077 0.00104 1.0112 6.27 -1.55 16.49 53421
2460281.531107 1.00046 0.00104 1.0112 4.05 1.6 19.78 39945
2460281.531246 1.00264 0.00104 1.0113 0.01 0.27 15.98 55623
2460281.531385 1.00029 0.00104 1.0113 1.76 0.91 16.35 53437
2460281.531523 1.00253 0.00104 1.0114 -0.13 -2.11 17.41 48673
2460281.531662 1.00077 0.00104 1.0114 -8.62 2.57 19.82 48940
2460281.5318 1.00041 0.00104 1.0115 -4.67 -0.88 16.32 59920
2460281.531939 1.00103 0.00104 1.0115 -6.28 0.34 16.36 53574
2460281.532078 0.99858 0.00104 1.0116 -6.84 1.01 16.71 54571
2460281.532216 0.99949 0.00104 1.0116 -3.45 0.93 16.41 55047
2460281.532354 0.9995 0.00104 1.0117 1.46 0.67 17.62 45794
2460281.532493 1.00168 0.00104 1.0117 2.72 -0.06 16.19 56674
2460281.532632 1.00245 0.00104 1.0117 0.94 -1.13 16.44 59274
2460281.53277 0.99822 0.00104 1.0118 4.72 -0.12 16.93 55863
2460281.532909 0.99908 0.00104 1.0118 5.68 -0.03 17.69 42967
2460281.533047 1.00378 0.00104 1.0119 2.37 -1.59 17.17 54676
2460281.533186 1.00121 0.00104 1.012 1.9 -1.47 17.3 55381
2460281.533324 1.00036 0.00104 1.012 2.93 -2.29 18.2 59894
2460281.533463 1.0016 0.00104 1.0121 2.35 -0.55 16.63 53042
2460281.533601 0.99966 0.00104 1.0121 -2.63 -0.12 16.13 53191
2460281.53374 0.9993 0.00104 1.0122 -2.84 -1.38 17.0 49037
2460281.533878 1.0008 0.00104 1.0122 -4.05 -1.03 16.52 53961
2460281.534017 1.00104 0.00104 1.0123 -3.06 0.99 16.53 54079
2460281.534155 0.99797 0.00104 1.0123 0.79 0.46 17.71 46651
2460281.534294 1.00069 0.00104 1.0124 2.04 -2.56 17.27 55458
2460281.534432 0.99909 0.00104 1.0124 3.01 -1.5 17.48 54777
2460281.534571 1.00093 0.00104 1.0125 2.25 -1.88 16.6 48912
2460281.534709 1.00027 0.00104 1.0126 1.69 -0.18 16.66 49509
2460281.534848 0.99954 0.00104 1.0126 -0.12 -1.28 16.12 51767
2460281.534987 0.99925 0.00104 1.0127 1.93 -0.48 17.61 47392
2460281.535125 0.99947 0.00104 1.0127 3.91 -1.45 16.96 55886
2460281.535264 1.0007 0.00104 1.0128 3.43 2.24 17.03 56326
2460281.535403 1.00092 0.00104 1.0129 0.67 -0.26 16.67 53553
2460281.535541 1.00078 0.00104 1.0129 1.63 -2.77 17.98 55926
2460281.53568 1.00218 0.00104 1.013 -1.08 0.09 17.07 54989
2460281.535819 1.00334 0.00104 1.013 -1.69 -1.66 16.95 58374
2460281.535957 0.99933 0.00104 1.0131 1.03 0.14 17.26 51801
2460281.536096 0.99988 0.00104 1.0132 2.01 -0.59 16.66 52202
2460281.536234 1.00076 0.00104 1.0132 1.51 0.2 16.04 58770
2460281.536373 0.99977 0.00104 1.0133 3.26 -0.28 17.26 56574
2460281.536511 1.00017 0.00104 1.0134 1.42 0.13 17.31 49856
2460281.53665 1.0003 0.00104 1.0134 0.89 0.58 16.7 58029
2460281.536788 1.00167 0.00104 1.0135 1.62 -1.43 17.07 57121
2460281.536927 1.00017 0.00104 1.0136 0.38 -0.68 17.11 58538
2460281.537066 0.99845 0.00104 1.0136 1.68 0.17 16.41 56219
2460281.537204 1.00059 0.00104 1.0137 2.08 -1.07 17.57 56552
2460281.537343 1.00079 0.00104 1.0138 3.5 0.18 16.79 55320
2460281.537481 0.99928 0.00104 1.0139 2.79 -0.58 16.67 54208
2460281.53762 1.00018 0.00104 1.0139 0.44 -0.98 16.75 59990
2460281.537758 0.99997 0.00104 1.014 -0.11 -2.71 16.63 52938
2460281.537897 1.0 0.00104 1.0141 0.96 -0.47 17.51 51945
2460281.538035 0.99952 0.00104 1.0142 1.3 -1.66 16.65 59215
2460281.538174 1.00353 0.00104 1.0142 2.5 -2.75 16.94 56698
2460281.538312 0.99921 0.00104 1.0143 0.74 -0.7 17.56 48243
2460281.53845 1.00038 0.00104 1.0144 -0.48 -0.92 17.26 55567
2460281.538589 1.00045 0.00104 1.0144 -1.66 -0.91 17.75 54744
2460281.538728 1.00222 0.00104 1.0145 -1.84 1.18 16.39 58129
2460281.538866 0.99957 0.00104 1.0146 -1.3 -0.55 16.63 58210
2460281.539005 1.0017 0.00104 1.0147 3.42 -1.2 18.59 52304
2460281.539143 0.99893 0.00104 1.0148 3.92 -2.52 17.61 57964
2460281.539282 0.99847 0.00104 1.0148 5.08 -1.42 17.29 59116
2460281.53942 1.00242 0.00104 1.0149 4.75 -1.14 16.09 57186
2460281.539559 1.00002 0.00104 1.015 1.52 -0.98 16.91 41348
2460281.539697 0.99915 0.00104 1.0151 -0.75 0.9 16.66 57943
2460281.539836 0.99959 0.00104 1.0152 -0.25 0.97 17.5 55264
2460281.539974 1.00071 0.00104 1.0153 -1.79 0.93 18.24 57842
2460281.540113 0.99947 0.00104 1.0153 -2.47 -1.67 16.79 54685
2460281.540251 0.99863 0.00104 1.0154 -2.04 -2.18 16.79 55126
2460281.54039 0.99902 0.00104 1.0155 -4.97 -1.64 17.34 50044
2460281.540528 0.99907 0.00104 1.0156 -7.56 -0.77 16.67 56885
2460281.540667 0.9989 0.00104 1.0157 -3.99 -3.44 16.73 58548
2460281.540805 0.99933 0.00104 1.0158 1.22 2.12 17.04 58153
2460281.540944 0.99799 0.00104 1.0158 2.08 -1.04 17.12 56075
2460281.541082 0.99946 0.00104 1.0159 6.64 0.26 17.12 47725
2460281.541221 1.00028 0.00104 1.016 8.84 -1.67 19.26 55724
2460281.541358 0.99921 0.00104 1.0161 3.46 -1.06 18.25 42978
2460281.541497 0.99857 0.00104 1.0162 -0.9 1.09 16.88 51807
2460281.541636 0.99802 0.00104 1.0163 -0.02 -1.88 17.28 52612
2460281.541774 0.99966 0.00104 1.0164 0.2 -3.8 17.69 57038
2460281.541913 1.00086 0.00104 1.0165 -0.8 -1.25 16.77 45201
2460281.542051 0.99888 0.00104 1.0166 1.74 0.45 16.53 57906
2460281.54219 0.99941 0.00104 1.0167 -1.36 0.26 16.85 51535
2460281.542328 0.99987 0.00104 1.0168 -2.9 -0.81 17.5 54876
2460281.542467 0.99837 0.00104 1.0169 -5.5 -0.17 16.85 53279
2460281.542605 1.00494 0.00105 1.017 1.1 -2.03 17.7 52814
2460281.542744 1.0012 0.00104 1.017 0.57 -2.36 17.13 49929
2460281.542882 0.99897 0.00104 1.0171 1.93 0.21 17.71 49131
2460281.543021 0.99867 0.00104 1.0172 3.71 -1.41 17.04 43823
2460281.543159 0.9978 0.00104 1.0173 4.27 -0.83 18.4 42405
2460281.543298 0.99915 0.00104 1.0174 2.03 0.31 16.53 58725
2460281.543436 1.00122 0.00104 1.0175 0.91 0.39 17.05 49921
2460281.543575 1.0015 0.00105 1.0176 0.74 -0.67 17.52 50240
2460281.543713 1.00017 0.00104 1.0177 1.28 -0.76 17.2 55462
2460281.543852 0.99953 0.00104 1.0178 1.05 0.26 16.72 52392
2460281.54399 1.00053 0.00104 1.0179 0.81 -1.6 16.89 55260
2460281.544129 0.99994 0.00104 1.018 -1.42 -1.27 17.68 48425
2460281.544267 0.99812 0.00104 1.0182 -4.29 -1.47 17.87 57431
2460281.544406 0.9992 0.00104 1.0183 0.12 -1.44 18.38 55142
2460281.544544 1.00047 0.00105 1.0184 -0.26 -0.97 17.33 53208
2460281.544683 0.9994 0.00104 1.0185 -0.14 -1.75 17.55 48736
2460281.544821 0.99908 0.00104 1.0186 1.08 0.6 17.5 50262
2460281.54496 0.99872 0.00104 1.0187 2.23 0.04 17.5 44294
2460281.545098 0.99838 0.00104 1.0188 5.89 -0.52 17.48 54315
2460281.545236 0.99816 0.00104 1.0189 5.71 0.07 17.87 50057
2460281.545375 0.99928 0.00104 1.019 7.8 -1.67 17.38 51894
2460281.545513 0.99923 0.00105 1.0191 2.89 -2.88 18.2 42942
2460281.545651 0.99788 0.00104 1.0192 -0.26 1.24 17.34 50084
2460281.54579 0.99825 0.00104 1.0193 1.99 -2.9 17.22 53983
2460281.545929 0.99803 0.00104 1.0194 0.56 -0.8 16.94 56987
2460281.546067 1.00136 0.00105 1.0196 -0.07 -0.96 17.88 54445
2460281.546206 0.99841 0.00104 1.0197 -0.06 -0.6 17.11 50248
2460281.546345 0.99931 0.00105 1.0198 1.18 -0.88 16.77 53814
2460281.546483 0.99894 0.00104 1.0199 -1.31 -1.03 17.16 53639
2460281.546622 0.99986 0.00105 1.02 1.07 -1.82 17.44 50019
2460281.546761 1.00186 0.00105 1.0201 1.1 0.32 17.19 50029
2460281.5469 0.99725 0.00104 1.0202 2.4 -1.55 17.69 49142
2460281.547038 0.99952 0.00105 1.0204 2.12 -2.74 17.02 50993
2460281.547177 0.99839 0.00105 1.0205 1.89 -3.49 17.49 48002
2460281.547315 0.99956 0.00105 1.0206 0.67 0.8 18.38 40327
2460281.547454 1.00072 0.00105 1.0207 -2.03 0.68 16.96 51661
2460281.547592 1.00031 0.00105 1.0208 -2.08 -0.45 17.69 45952
2460281.547731 0.99931 0.00105 1.021 -1.49 -0.04 18.05 46692
2460281.547869 0.99871 0.00105 1.0211 -0.26 1.18 17.86 50240
2460281.548008 0.99999 0.00105 1.0212 0.88 0.04 18.18 48947
2460281.548146 0.99996 0.00105 1.0213 0.56 1.39 17.59 49803
2460281.548284 0.99898 0.00105 1.0214 0.02 0.45 17.87 48214
2460281.548423 0.99981 0.00105 1.0216 1.43 0.74 17.98 45108
2460281.548561 0.99984 0.00105 1.0217 0.73 0.71 17.85 46403
2460281.5487 0.99927 0.00105 1.0218 4.46 0.67 17.55 45585
2460281.548838 0.99986 0.00105 1.0219 3.93 -0.28 17.93 46005
2460281.548977 0.99931 0.00105 1.0221 3.94 -2.1 18.12 45382
2460281.549115 0.99881 0.00105 1.0222 0.5 -1.17 19.96 47244
2460281.549254 0.99779 0.00105 1.0223 -1.56 -1.89 18.73 33464
2460281.549393 0.99619 0.00105 1.0225 -5.06 -0.73 18.55 41762
2460281.549531 0.99784 0.00105 1.0226 -4.49 -0.47 18.27 43713
2460281.549669 0.99858 0.00105 1.0227 -3.23 -0.28 18.08 50403
2460281.549808 0.99907 0.00105 1.0228 1.14 -2.37 18.26 44558
2460281.549946 0.99862 0.00105 1.023 1.11 -1.37 18.25 43800
2460281.550085 1.00079 0.00105 1.0231 1.71 0.3 18.0 45188
2460281.550223 1.00007 0.00105 1.0232 -0.5 -1.09 18.3 40723
2460281.550362 1.00074 0.00105 1.0234 2.1 -0.34 18.31 37730
2460281.550501 0.99791 0.00105 1.0235 1.46 -0.81 18.34 46253
2460281.550639 0.99901 0.00105 1.0236 2.0 0.08 18.45 36566
2460281.550778 0.99931 0.00105 1.0238 2.62 -1.76 17.96 36652
2460281.550916 1.00001 0.00105 1.0239 6.42 0.74 19.3 33009
2460281.551055 1.00096 0.00105 1.024 0.96 -2.56 18.45 38870
2460281.551193 1.0 0.00105 1.0242 -1.11 -1.77 19.43 39362
2460281.551332 0.99996 0.00105 1.0243 -2.95 0.2 18.69 38151
2460281.551471 0.99959 0.00105 1.0245 -3.56 -1.64 19.34 35180
2460281.551609 1.00091 0.00105 1.0246 0.82 -1.46 18.29 37033
2460281.551747 0.99906 0.00105 1.0247 1.9 -0.54 18.84 40270
2460281.551886 1.00062 0.00105 1.0249 2.74 -0.77 18.83 41064
2460281.552025 0.99856 0.00105 1.025 1.97 -0.21 18.32 42019
2460281.552163 0.99941 0.00105 1.0252 1.43 0.41 19.23 32715
2460281.552302 0.99838 0.00105 1.0253 1.48 -0.35 18.26 39202
2460281.55244 0.99969 0.00105 1.0255 3.48 -0.82 18.01 43340
2460281.552579 1.0001 0.00105 1.0256 1.78 -1.03 18.47 36085
2460281.552717 0.9996 0.00105 1.0257 3.47 0.44 18.41 37274
2460281.552856 1.00149 0.00105 1.0259 1.95 -1.7 18.46 40385
2460281.552995 1.00057 0.00105 1.026 0.82 0.61 18.5 39111
2460281.553133 1.00229 0.00105 1.0262 -0.48 -0.56 18.75 34399
2460281.553272 1.00094 0.00105 1.0263 -5.16 -0.27 18.72 34720
2460281.55341 0.9997 0.00105 1.0265 0.57 0.51 18.3 39238
2460281.553549 1.0007 0.00105 1.0266 -0.11 0.88 18.84 39335
2460281.553687 0.99899 0.00105 1.0268 0.13 -0.36 18.24 43632
2460281.553826 1.00048 0.00105 1.0269 2.32 0.74 19.12 41795
2460281.553964 0.99863 0.00105 1.0271 0.69 -0.31 18.48 42199
2460281.554103 1.0004 0.00105 1.0272 -0.7 -0.75 18.54 37972
2460281.554241 0.9994 0.00105 1.0274 1.24 -0.4 19.46 38253
2460281.55438 1.00061 0.00105 1.0275 2.38 -1.32 19.12 36847
2460281.554518 0.99912 0.00105 1.0277 2.75 -0.18 19.35 37721
2460281.554657 1.00086 0.00106 1.0278 2.2 -1.22 18.74 35255
2460281.554795 1.0002 0.00105 1.028 2.3 0.53 18.97 39740
2460281.554934 1.00077 0.00106 1.0282 2.42 -2.19 18.69 37306
2460281.555072 0.99932 0.00105 1.0283 1.43 -1.77 19.02 36888
2460281.555211 1.00033 0.00105 1.0285 -0.41 0.05 17.96 41704
2460281.555349 1.00045 0.00106 1.0286 -2.24 -0.5 19.27 33902
2460281.555488 1.00163 0.00106 1.0288 1.2 1.35 18.38 35990
2460281.555626 1.00078 0.00106 1.0289 0.92 3.13 19.58 39723
2460281.555765 1.00005 0.00105 1.0291 1.02 0.42 18.85 39373
2460281.555903 1.00037 0.00106 1.0293 1.41 -0.17 18.4 41842
2460281.556042 1.00204 0.00106 1.0294 0.58 0.39 18.32 41029
2460281.55618 1.00104 0.00106 1.0296 0.7 0.36 18.93 39055
2460281.556319 0.99773 0.00105 1.0297 2.96 -1.09 18.8 39495
2460281.556457 0.99974 0.00106 1.0299 3.01 -1.61 19.16 36600
2460281.556596 0.99955 0.00106 1.0301 1.32 -1.98 19.49 39717
2460281.556735 1.00028 0.00106 1.0302 4.04 0.79 18.5 43462
2460281.556873 1.00062 0.00106 1.0304 5.14 0.17 18.98 36388
2460281.557012 1.00078 0.00106 1.0306 0.06 -0.15 18.95 33688
2460281.55715 0.99922 0.00106 1.0307 -2.73 1.79 19.45 38657
2460281.557289 0.99812 0.00106 1.0309 -3.09 -0.24 19.04 39123
2460281.557427 0.99928 0.00106 1.0311 -2.22 -0.8 19.39 34711
2460281.557566 1.00125 0.00106 1.0312 -0.19 0.41 20.59 27925
2460281.557704 0.9996 0.00106 1.0314 2.27 -2.54 18.67 37258
2460281.557843 0.99788 0.00106 1.0316 2.79 0.42 19.09 36956
2460281.557981 1.00001 0.00106 1.0318 2.34 -1.55 19.11 33421
2460281.55812 1.00049 0.00106 1.0319 1.1 -1.48 19.0 37466
2460281.558258 0.99891 0.00106 1.0321 4.01 -0.88 19.2 36341
2460281.558397 1.00096 0.00106 1.0323 1.79 -1.77 19.09 38434
2460281.558536 0.99885 0.00106 1.0324 2.26 1.25 20.02 32755
2460281.558674 0.99933 0.00106 1.0326 5.79 -1.74 19.11 33683
2460281.558813 1.0006 0.00106 1.0328 1.27 -0.05 19.59 32262
2460281.558951 0.99962 0.00106 1.033 1.63 0.44 19.46 32431
2460281.559089 0.99728 0.00106 1.0331 -1.75 1.76 19.29 32518
2460281.559228 1.00012 0.00106 1.0333 -1.43 -1.85 19.42 36392
2460281.559367 0.99966 0.00106 1.0335 1.25 -0.46 19.87 29531
2460281.559505 0.99958 0.00106 1.0337 2.29 -0.79 19.81 38433
2460281.559644 0.99957 0.00106 1.0339 2.24 -0.39 19.23 36600
2460281.559783 0.99803 0.00106 1.0341 1.43 -1.55 19.09 37906
2460281.559921 1.00113 0.00106 1.0342 2.03 -0.46 19.55 32926
2460281.56006 0.9999 0.00106 1.0344 2.87 2.77 19.56 34917
2460281.560198 0.99655 0.00106 1.0346 0.26 -0.97 19.16 38249
2460281.560337 0.99809 0.00106 1.0348 1.94 -1.42 19.32 33862
2460281.560475 0.99909 0.00106 1.035 1.71 0.97 19.07 33596
2460281.560613 1.00007 0.00106 1.0351 2.47 -0.61 19.9 29646
2460281.560752 0.9995 0.00106 1.0353 1.51 0.78 19.73 33129
2460281.56089 0.99996 0.00106 1.0355 1.91 -0.81 19.62 32636
2460281.561029 0.99908 0.00106 1.0357 0.05 0.77 19.8 31161
2460281.561167 1.00112 0.00106 1.0359 -0.08 -1.71 19.39 32721
2460281.561306 0.9982 0.00106 1.0361 0.62 -0.95 19.34 32243
2460281.561445 1.0004 0.00106 1.0363 2.22 -1.44 20.41 33939
2460281.561583 0.99658 0.00106 1.0365 1.76 0.2 20.28 33513
2460281.561722 1.00279 0.00107 1.0367 1.03 0.75 19.96 31930
2460281.56186 0.9974 0.00106 1.0368 -1.25 -0.97 20.06 34335
2460281.561999 1.00441 0.00107 1.037 0.19 -0.23 19.89 35152
2460281.562138 1.00022 0.00106 1.0372 -0.19 0.86 19.42 30448
2460281.562276 0.99835 0.00106 1.0374 1.4 0.58 19.45 33329
2460281.562415 0.99766 0.00106 1.0376 -0.23 -0.87 20.68 29236
2460281.562553 1.00009 0.00106 1.0378 2.24 -0.32 19.87 33749
2460281.562692 1.00198 0.00107 1.038 1.81 -0.66 19.56 33960
2460281.56283 0.9991 0.00106 1.0382 0.91 -1.85 20.32 34297
2460281.562969 0.99925 0.00106 1.0384 0.64 -2.0 20.42 31204
2460281.563107 1.00028 0.00106 1.0386 -1.16 -1.1 20.65 32570
2460281.563246 0.9991 0.00106 1.0388 -1.12 -1.57 19.75 33249
2460281.563384 0.99718 0.00106 1.039 0.1 -1.83 20.09 32806
2460281.563523 1.00037 0.00107 1.0392 0.15 -1.39 19.68 32603
2460281.563661 1.00027 0.00107 1.0394 0.26 -0.46 19.86 32470
2460281.5638 1.00168 0.00107 1.0396 -0.61 0.37 20.07 31849
2460281.563938 1.00056 0.00107 1.0398 -2.42 -0.1 19.59 32527
2460281.564077 1.0017 0.00107 1.04 -1.24 -0.3 19.37 33260
2460281.564215 1.00038 0.00107 1.0402 0.09 -2.19 20.23 33609
2460281.564354 0.9994 0.00107 1.0404 0.81 0.19 19.49 31707
2460281.564492 1.00007 0.00107 1.0406 2.44 -0.98 21.24 32238
2460281.56463 1.00014 0.00107 1.0408 3.2 0.76 19.35 34076
2460281.564769 1.00003 0.00107 1.041 -0.26 -1.92 21.55 28085
2460281.564907 1.00083 0.00107 1.0412 -0.71 1.51 20.58 31206
2460281.565046 0.99766 0.00107 1.0414 -2.13 -2.87 19.66 35815
2460281.565185 0.99944 0.00107 1.0416 -0.84 -0.59 20.58 34998
2460281.565322 0.99967 0.00107 1.0419 -1.48 -0.22 20.09 29343
2460281.565461 0.99988 0.00107 1.0421 1.82 -0.33 19.78 33151
2460281.565599 1.00051 0.00107 1.0423 -0.58 -0.79 20.96 30433
2460281.565738 0.99882 0.00107 1.0425 0.33 0.53 19.75 34791
2460281.565877 0.99835 0.00107 1.0427 -1.72 -0.43 20.62 31441
2460281.566015 1.00061 0.00107 1.0429 0.73 0.66 20.74 27429
2460281.566154 0.99856 0.00107 1.0431 0.92 -1.19 20.08 33447
2460281.566292 0.99781 0.00107 1.0433 2.92 -0.48 19.73 33646
2460281.566431 0.9996 0.00107 1.0436 4.11 -1.65 20.37 32165
2460281.56657 0.99934 0.00107 1.0438 4.0 1.77 20.55 30065
2460281.566708 0.9983 0.00107 1.044 3.41 0.49 19.95 31559
2460281.566847 1.00063 0.00107 1.0442 0.07 0.9 20.15 33753
2460281.566985 0.9995 0.00107 1.0444 -2.18 0.56 19.74 32600
2460281.567124 1.00009 0.00107 1.0447 -0.38 -0.23 19.63 33050
2460281.567262 0.99896 0.00107 1.0449 3.68 0.49 20.8 27751
2460281.5674 0.9991 0.00107 1.0451 2.69 0.1 20.73 29455
2460281.567539 0.99941 0.00107 1.0453 2.19 0.06 20.55 26894
2460281.567677 0.99854 0.00107 1.0455 2.73 -0.7 19.86 33578
2460281.567816 0.99911 0.00107 1.0458 -0.18 1.07 20.48 30175
2460281.567954 0.99884 0.00107 1.046 0.63 0.77 21.04 28911
2460281.568093 0.99957 0.00107 1.0462 3.31 -0.17 20.15 31329
2460281.568231 0.99934 0.00107 1.0464 3.04 -0.62 20.36 27861
2460281.56837 1.00033 0.00107 1.0467 2.92 -1.34 20.31 30876
2460281.568509 0.99812 0.00107 1.0469 2.82 0.27 20.21 32247
2460281.568647 0.99829 0.00107 1.0471 0.43 1.07 20.35 30808
2460281.568786 0.99853 0.00107 1.0473 1.21 -0.74 20.77 27406
2460281.568924 0.9986 0.00107 1.0476 -0.73 -2.11 21.46 26047
2460281.569063 0.99987 0.00108 1.0478 0.31 1.12 20.41 31640
2460281.569201 0.99707 0.00107 1.048 0.83 0.7 20.31 30930
2460281.56934 0.9984 0.00107 1.0483 2.16 0.55 20.45 28187
2460281.569478 0.99811 0.00107 1.0485 1.28 -0.54 20.59 28598
2460281.569617 0.99901 0.00108 1.0487 -0.69 1.38 21.07 28927
2460281.569755 0.99888 0.00108 1.049 -2.07 -0.14 21.05 29583
2460281.569894 0.99908 0.00108 1.0492 0.08 -0.75 20.62 29110
2460281.570032 1.00015 0.00108 1.0494 2.41 -1.83 20.62 31090
2460281.570171 1.00054 0.00108 1.0497 0.86 -1.45 20.45 30721
2460281.570309 0.99702 0.00107 1.0499 1.34 0.47 20.2 31585
2460281.570448 0.99925 0.00108 1.0501 2.61 -1.24 21.14 27478
2460281.570586 0.99999 0.00108 1.0504 3.71 -0.2 20.02 30507
2460281.570725 0.99874 0.00108 1.0506 1.77 -1.5 20.51 32996
2460281.570863 0.99683 0.00108 1.0509 -3.42 1.35 21.27 29350
2460281.571002 0.99674 0.00108 1.0511 -3.77 -0.19 20.31 28507
2460281.57114 0.99837 0.00108 1.0513 -2.04 -0.3 20.66 29556
2460281.571279 1.00073 0.00108 1.0516 -3.98 -1.42 20.44 29830
2460281.571417 1.00063 0.00108 1.0518 2.55 -0.48 21.77 30296
2460281.571556 0.99977 0.00108 1.0521 -0.36 -1.43 20.19 29363
2460281.571694 1.00007 0.00108 1.0523 -0.19 -0.73 20.75 27545
2460281.571833 1.00102 0.00108 1.0526 -0.69 0.4 21.29 30509
2460281.571971 0.99812 0.00108 1.0528 0.92 -3.82 20.77 29781
2460281.57211 0.99858 0.00108 1.0531 1.52 -0.91 21.43 30854
2460281.572249 0.99742 0.00108 1.0533 1.42 -0.29 20.9 28642
2460281.572387 0.99774 0.00108 1.0535 1.8 -0.16 21.34 26631
2460281.572525 0.99823 0.00108 1.0538 1.53 -0.22 21.02 30917
2460281.572664 0.99952 0.00108 1.054 -3.19 1.32 20.04 30177
2460281.572803 0.99854 0.00108 1.0543 -2.99 -0.13 21.17 28721
2460281.572941 0.99973 0.00108 1.0546 -3.89 -1.6 21.15 33559
2460281.57308 0.99763 0.00108 1.0548 -4.22 0.69 20.39 30568
2460281.573218 0.9987 0.00108 1.0551 -0.65 0.67 22.35 25358
2460281.573356 1.0 0.00108 1.0553 2.17 -0.17 20.88 29976
2460281.573495 1.00055 0.00108 1.0556 2.18 -0.31 20.55 28538
2460281.573633 0.99768 0.00108 1.0558 0.35 0.74 20.36 30375
2460281.573772 0.99743 0.00108 1.0561 4.24 0.31 21.41 28677
2460281.57391 0.99875 0.00108 1.0563 3.7 1.21 19.95 31511
2460281.574049 0.99863 0.00108 1.0566 5.43 -1.39 21.07 30534
2460281.574188 0.99786 0.00108 1.0568 4.02 -0.76 20.29 28177
2460281.574326 1.00161 0.00109 1.0571 4.99 -0.25 20.52 30181
2460281.574465 0.99871 0.00108 1.0574 0.39 -0.3 21.33 25949
2460281.574603 0.99961 0.00109 1.0576 -1.47 -0.14 21.31 27778
2460281.574742 0.99878 0.00108 1.0579 -4.7 0.07 20.88 27553
2460281.574881 0.99772 0.00108 1.0582 -7.55 0.25 20.44 30748
2460281.575019 0.99776 0.00108 1.0584 0.8 -3.0 23.05 21876
2460281.575158 1.00049 0.00109 1.0587 1.26 0.26 21.43 26863
2460281.575296 1.00002 0.00109 1.0589 3.46 1.08 21.09 27527
2460281.575435 0.99748 0.00108 1.0592 2.51 1.56 21.7 25796
2460281.575573 0.99929 0.00109 1.0595 1.98 0.56 20.75 28972
2460281.575712 0.99955 0.00109 1.0597 2.63 0.6 20.39 33726
2460281.57585 0.99924 0.00109 1.06 4.08 -2.18 21.75 25868
2460281.575989 1.00072 0.00109 1.0603 5.05 -1.06 22.0 28483
2460281.576128 0.99945 0.00109 1.0605 3.86 0.09 21.55 33304
2460281.576266 0.99886 0.00109 1.0608 2.71 2.16 20.85 28930
2460281.576404 0.99823 0.00109 1.0611 3.1 -0.34 21.16 27404
2460281.576543 0.99914 0.00109 1.0614 0.84 -0.21 21.48 26663
2460281.576682 0.99869 0.00109 1.0616 -3.14 -3.52 20.91 26236
2460281.57682 0.99694 0.00109 1.0619 -3.31 0.4 20.9 28525
2460281.576959 0.99997 0.00109 1.0622 -1.89 -0.77 21.35 28324
2460281.577097 1.00089 0.00109 1.0625 -0.9 0.37 21.08 27923
2460281.577234 0.99856 0.00109 1.0627 -1.75 0.87 20.9 26898
2460281.577373 0.99852 0.00109 1.063 1.19 1.22 20.76 34332
2460281.577512 1.00018 0.00109 1.0633 1.23 2.43 20.59 32381
2460281.57765 0.99961 0.00109 1.0636 1.21 1.23 20.62 31330
2460281.577789 0.99763 0.00109 1.0639 2.48 0.71 19.86 35372
2460281.577927 0.99755 0.00109 1.0641 3.16 -0.8 20.5 31559
2460281.578066 0.99847 0.00109 1.0644 1.87 0.55 19.77 30511
2460281.578204 0.99767 0.00109 1.0647 0.49 -0.51 20.08 31569
2460281.578342 0.99776 0.00109 1.065 3.17 -0.11 20.76 32543
2460281.578481 0.99867 0.00109 1.0653 0.42 0.5 20.59 28334
2460281.57862 0.99793 0.00109 1.0655 -1.7 -0.19 21.04 27506
2460281.578758 0.99953 0.00109 1.0658 -1.57 -1.15 21.27 29396
2460281.578897 0.99926 0.00109 1.0661 -3.23 -1.93 20.01 35282
2460281.579035 0.9982 0.00109 1.0664 -1.35 -1.07 20.34 33148
2460281.579174 0.99891 0.00109 1.0667 -1.13 0.65 20.4 29811
2460281.579312 0.99968 0.00109 1.067 2.28 0.8 21.0 29991
2460281.579451 0.99971 0.00109 1.0673 0.24 -0.25 20.64 34036
2460281.579589 0.99781 0.00109 1.0675 0.98 -0.75 20.3 33596
2460281.579728 0.99922 0.0011 1.0679 2.63 0.65 20.04 32995
2460281.579866 0.99866 0.00109 1.0681 2.81 0.05 20.66 31263
2460281.580005 0.99817 0.0011 1.0684 3.38 -0.96 21.14 33150
2460281.580143 0.99878 0.0011 1.0687 2.12 -2.51 21.09 27122
2460281.580282 0.9991 0.0011 1.069 2.86 -1.74 20.66 27249
2460281.58042 0.99904 0.0011 1.0693 0.34 -1.24 20.27 27771
2460281.580558 0.99975 0.0011 1.0696 -4.24 0.66 21.12 29621
2460281.580697 0.99794 0.0011 1.0699 -4.54 -0.65 20.39 28503
2460281.580836 0.99821 0.0011 1.0702 -4.8 -1.34 20.6 28965
2460281.580974 0.99877 0.0011 1.0705 -2.9 -2.91 19.55 29229
2460281.581113 1.00135 0.0011 1.0708 0.62 1.03 21.21 27175
2460281.581251 0.99789 0.0011 1.0711 0.59 1.63 21.55 29220
2460281.58139 0.99922 0.0011 1.0714 -1.33 1.18 20.62 31025
2460281.581528 1.00162 0.0011 1.0717 0.26 0.82 20.6 33555
2460281.581667 0.99897 0.0011 1.072 2.51 0.83 21.11 32459
2460281.581806 0.99728 0.0011 1.0723 3.75 0.19 20.56 33617
2460281.581944 0.99909 0.0011 1.0726 1.58 1.81 21.38 29567
2460281.582083 0.99861 0.0011 1.0729 4.39 0.93 22.05 28521
2460281.582221 0.99741 0.0011 1.0732 1.45 0.27 20.54 26450
2460281.58236 1.00011 0.0011 1.0735 -2.17 1.9 21.86 27591
2460281.582499 0.99829 0.0011 1.0738 -2.89 1.75 21.8 28130
2460281.582637 1.00021 0.0011 1.0742 -5.05 -1.39 21.64 29356
2460281.582775 0.99725 0.0011 1.0745 -4.12 0.64 21.2 25469
2460281.582914 0.99798 0.0011 1.0748 0.82 0.78 21.36 25067
2460281.583052 0.99763 0.0011 1.0751 0.85 2.55 20.35 31121
2460281.583191 0.99863 0.0011 1.0754 1.64 3.04 20.66 29756
2460281.58333 0.99829 0.0011 1.0757 1.11 -0.92 21.37 28212
2460281.583468 0.99998 0.0011 1.076 -1.54 -0.08 21.68 27700
2460281.583607 0.99894 0.0011 1.0763 1.85 -0.89 19.68 34203
2460281.583745 0.99631 0.0011 1.0767 1.94 -0.65 20.27 30291
2460281.583884 0.99842 0.0011 1.0769 1.65 -0.55 22.05 27224
2460281.584022 0.99931 0.00111 1.0773 3.13 -0.77 20.71 28860
2460281.584161 0.99867 0.0011 1.0776 2.24 -1.14 20.05 31567
2460281.5843 0.99889 0.00111 1.0779 1.24 0.36 20.2 33074
2460281.584438 0.99828 0.0011 1.0782 -2.4 0.34 20.17 27066
2460281.584577 0.99888 0.00111 1.0785 -3.27 -0.19 20.83 29293
2460281.584715 1.00035 0.00111 1.0789 -0.86 -0.11 20.39 29440
2460281.584854 0.99957 0.00111 1.0792 1.12 -0.54 21.01 27579
2460281.584993 0.99857 0.00111 1.0795 1.45 0.66 21.02 28608
2460281.585131 0.99835 0.00111 1.0798 -0.17 0.6 20.96 27980
2460281.58527 1.00156 0.00111 1.0802 -0.07 1.42 20.53 27958
2460281.585408 0.99984 0.00111 1.0805 0.32 0.47 20.53 32239
2460281.585547 0.99947 0.00111 1.0808 -0.4 0.43 21.32 28774
2460281.585685 0.99954 0.00111 1.0812 -1.56 0.55 21.77 26965
2460281.585824 0.99937 0.00111 1.0815 0.68 -0.68 20.68 28222
2460281.585962 0.99735 0.00111 1.0818 1.55 1.19 21.05 28510
2460281.586101 0.99619 0.00111 1.0821 1.92 1.23 21.2 31264
2460281.586239 0.99875 0.00111 1.0825 2.27 1.36 21.29 29411
2460281.586378 0.99845 0.00111 1.0828 1.13 0.59 21.55 26971
2460281.586516 0.99846 0.00111 1.0831 -1.07 -0.07 20.98 30734
2460281.586655 0.99928 0.00111 1.0835 -4.62 2.22 20.97 29246
2460281.586794 0.99944 0.00111 1.0838 -2.42 1.0 21.88 27217
2460281.586932 1.00041 0.00111 1.0841 0.49 0.21 21.19 25578
2460281.587071 0.99976 0.00111 1.0845 -1.91 0.21 21.42 26224
2460281.587209 0.9975 0.00111 1.0848 -2.01 -0.05 20.97 30772
2460281.587348 0.99783 0.00111 1.0851 -4.53 -0.71 20.98 26931
2460281.587486 0.99944 0.00111 1.0855 -1.25 0.53 21.91 24557
2460281.587624 0.99676 0.00111 1.0858 -0.84 1.64 21.94 21857
2460281.587763 0.99929 0.00111 1.0862 1.28 1.26 20.59 28374
2460281.587902 0.99801 0.00111 1.0865 0.35 0.13 20.64 27475
2460281.58804 0.99839 0.00111 1.0868 2.63 -0.58 20.74 26746
2460281.588179 0.99774 0.00111 1.0872 2.1 -0.41 21.33 25778
2460281.588317 0.99684 0.00111 1.0875 -1.25 -0.21 20.91 25658
2460281.588456 0.99783 0.00111 1.0879 -2.73 -0.22 20.64 26577
2460281.588595 0.99684 0.00111 1.0882 -3.42 1.53 20.66 25828
2460281.588733 0.99904 0.00112 1.0886 -1.46 1.28 21.14 22634
2460281.588872 0.99854 0.00112 1.0889 1.49 -1.11 20.82 24322
2460281.58901 0.99684 0.00112 1.0893 1.53 1.38 20.89 28297
2460281.589148 0.99964 0.00112 1.0896 2.16 0.78 20.48 27972
2460281.589286 0.99819 0.00112 1.09 1.04 -0.43 21.49 23259
2460281.589425 0.99933 0.00112 1.0903 1.75 0.91 21.52 25584
2460281.589563 0.99808 0.00112 1.0907 1.8 -0.41 20.91 26637
2460281.589702 0.99919 0.00112 1.091 1.63 0.95 20.82 26703
2460281.589841 0.99868 0.00112 1.0914 2.21 -0.36 21.09 26674
2460281.589979 0.99794 0.00112 1.0917 3.28 -2.55 20.67 23664
2460281.590118 0.99816 0.00112 1.0921 0.38 -0.85 20.84 27570
2460281.590256 0.99921 0.00112 1.0924 -1.12 0.28 21.37 25651
2460281.590395 0.99756 0.00112 1.0928 -3.79 1.75 21.57 25763
2460281.590533 1.00046 0.00112 1.0932 -3.96 -1.65 21.38 25359
2460281.590672 0.99852 0.00112 1.0935 -0.37 -0.37 20.77 24299
2460281.59081 0.99955 0.00112 1.0939 -0.46 0.02 21.82 23731
2460281.590949 0.99775 0.00112 1.0942 2.75 -1.14 20.37 27633
2460281.591088 0.99621 0.00112 1.0946 0.7 1.53 21.2 26146
2460281.591226 0.99887 0.00112 1.095 1.32 0.31 21.38 24377
2460281.591365 0.99794 0.00112 1.0953 -0.89 -0.51 20.9 26695
2460281.591504 0.99841 0.00112 1.0957 0.74 0.35 21.8 26016
2460281.591642 0.99909 0.00112 1.0961 0.83 0.12 20.59 25462
2460281.591781 0.99679 0.00112 1.0964 0.61 1.76 21.09 27906
2460281.59192 0.99803 0.00112 1.0968 0.97 0.57 21.64 23966
2460281.592058 0.99874 0.00112 1.0972 0.11 2.98 21.98 22579
2460281.592197 0.99866 0.00112 1.0975 -0.82 0.66 21.79 22517
2460281.592335 0.99739 0.00112 1.0979 -3.61 0.89 20.16 25730
2460281.592474 0.99788 0.00112 1.0983 -0.53 1.27 21.38 26880
2460281.592613 0.99687 0.00112 1.0987 -2.83 -0.36 21.05 26116
2460281.592751 0.99781 0.00112 1.099 0.39 -0.76 20.81 27998
2460281.59289 0.99738 0.00113 1.0994 -0.99 0.42 21.84 26557
2460281.593028 0.99837 0.00113 1.0998 -0.59 0.84 20.34 27406
2460281.593167 1.00103 0.00113 1.1002 -0.6 1.75 21.06 26246
2460281.593305 0.99729 0.00113 1.1005 -1.12 0.95 20.52 24868
2460281.593444 0.99743 0.00113 1.1009 -1.5 0.04 21.7 26434
2460281.593582 0.99858 0.00113 1.1013 -0.37 -2.38 21.36 25248
2460281.593721 1.00043 0.00113 1.1017 1.24 -1.87 21.48 25446
2460281.593859 0.99613 0.00113 1.1021 0.88 1.04 20.43 27033
2460281.593998 0.99765 0.00113 1.1024 0.28 0.12 21.55 23767
2460281.594136 0.99916 0.00113 1.1028 -0.47 -0.27 20.75 26474
2460281.594275 0.99953 0.00113 1.1032 -2.58 0.73 21.2 21257
2460281.594413 0.9974 0.00113 1.1036 -4.52 0.53 21.7 22739
2460281.594552 0.99748 0.00113 1.104 -4.31 -1.07 20.95 27404
2460281.59469 0.99882 0.00113 1.1044 -2.07 -0.08 21.52 22268
2460281.594829 0.99784 0.00113 1.1047 -1.18 2.07 21.09 26426
2460281.594967 0.9995 0.00113 1.1051 -1.73 1.2 21.36 26208
2460281.595106 0.99728 0.00113 1.1055 -0.85 0.08 20.4 24150
2460281.595245 0.99566 0.00113 1.1059 -2.38 -0.3 21.1 25668
2460281.595383 1.00038 0.00113 1.1063 -1.25 0.79 21.48 24769
2460281.595522 0.99777 0.00113 1.1067 0.85 -0.52 21.67 26796
2460281.595661 0.99952 0.00113 1.1071 0.76 2.7 21.2 26869
2460281.595799 0.99918 0.00114 1.1075 4.32 -0.4 21.43 25464
2460281.595938 0.99971 0.00114 1.1079 3.75 0.05 20.95 28671
2460281.596076 0.99981 0.00114 1.1083 1.8 0.07 21.23 25072
2460281.596215 0.99654 0.00113 1.1087 -1.94 1.65 21.38 25428
2460281.596353 0.99736 0.00114 1.1091 -4.3 1.52 20.59 26981
2460281.596492 0.99648 0.00113 1.1095 -3.59 2.08 20.28 27171
2460281.59663 0.99711 0.00114 1.1099 -1.0 2.66 21.55 22234
2460281.596769 0.99991 0.00114 1.1103 1.43 2.8 21.5 26134
2460281.596907 0.99699 0.00114 1.1107 1.38 1.75 21.09 26260
2460281.597046 0.99781 0.00114 1.1111 -0.99 3.06 20.95 25734
2460281.597185 0.99738 0.00114 1.1115 1.42 2.65 21.37 26164
2460281.597323 0.99809 0.00114 1.1119 0.22 1.98 21.3 25003
2460281.597462 0.99628 0.00114 1.1123 2.62 2.27 20.69 28020
2460281.5976 0.99664 0.00114 1.1127 0.36 2.11 21.91 23751
2460281.597739 0.9979 0.00114 1.1131 3.32 0.29 21.01 25071
2460281.597877 0.99712 0.00114 1.1135 1.64 1.95 20.62 27485
2460281.598016 0.9975 0.00114 1.1139 -0.16 1.49 21.44 25578
2460281.598154 0.99739 0.00114 1.1143 -3.01 3.34 21.55 20147
2460281.598293 0.99892 0.00114 1.1148 -3.25 2.25 21.3 21974
2460281.598431 0.99794 0.00114 1.1152 -1.89 2.53 24.0 20734
2460281.59857 0.99889 0.00114 1.1156 1.69 1.86 21.32 23544
2460281.598708 0.99772 0.00114 1.116 2.19 -0.42 20.8 26811
2460281.598847 0.99753 0.00114 1.1164 3.1 1.77 21.59 22448
2460281.598986 0.99762 0.00114 1.1168 0.96 0.8 22.12 21435
2460281.599125 0.998 0.00114 1.1173 -0.58 2.81 20.8 23824
2460281.599263 0.99929 0.00115 1.1177 -0.35 1.38 21.06 23557
2460281.599402 0.99976 0.00115 1.1181 3.1 2.15 21.7 23554
2460281.59954 0.99868 0.00115 1.1185 0.94 2.46 21.77 24312
2460281.599679 0.99933 0.00115 1.1189 1.01 2.5 21.57 24813
2460281.599817 0.99945 0.00115 1.1194 1.86 2.3 21.76 23908
2460281.599956 0.9973 0.00115 1.1198 -0.24 4.45 21.47 23982
2460281.600095 0.99652 0.00115 1.1202 0.11 1.06 22.02 23178
2460281.600233 0.99915 0.00115 1.1206 -2.99 4.02 20.68 25496
2460281.600372 0.99807 0.00115 1.121 -2.13 3.79 21.36 24883
2460281.60051 0.99873 0.00115 1.1215 -0.23 1.83 21.03 24411
2460281.600649 0.99877 0.00115 1.1219 1.37 3.11 20.98 26193
2460281.600787 0.99749 0.00115 1.1224 -0.52 3.32 21.98 24906
2460281.600925 0.99935 0.00115 1.1228 1.43 3.9 21.59 23590
2460281.601064 0.9975 0.00115 1.1232 -1.6 1.6 22.32 20220
2460281.601201 0.99927 0.00115 1.1237 -0.23 4.38 21.63 25831
2460281.60134 0.99783 0.00115 1.1241 2.46 1.75 21.08 23117
2460281.601478 0.99905 0.00115 1.1245 -0.54 2.53 22.32 20973
2460281.601617 0.99893 0.00115 1.1249 -0.77 1.47 21.76 24582
2460281.601756 0.99732 0.00115 1.1254 0.39 -0.13 21.71 24465
2460281.601894 0.99684 0.00115 1.1258 -2.67 1.27 23.24 21151
2460281.602033 0.99758 0.00115 1.1262 -3.99 2.5 22.07 21657
2460281.602171 0.99839 0.00116 1.1267 -3.59 2.53 22.02 23808
2460281.60231 0.99919 0.00116 1.1272 -6.04 0.05 21.43 25166
2460281.602448 0.99833 0.00116 1.1276 -1.48 3.55 21.37 27465
2460281.602587 0.99843 0.00116 1.128 -2.69 2.94 21.04 24334
2460281.602726 0.99972 0.00116 1.1285 -1.94 1.69 20.66 25455
2460281.602864 1.00043 0.00116 1.1289 -1.41 2.4 22.77 21570
2460281.603002 0.99781 0.00116 1.1293 -3.46 2.91 21.8 23689
2460281.603141 0.99797 0.00116 1.1298 -1.34 1.84 22.4 22303
2460281.60328 0.99672 0.00116 1.1302 0.44 2.51 20.73 25731
2460281.603418 0.99677 0.00116 1.1307 0.7 1.09 21.56 24277
2460281.603557 0.99796 0.00116 1.1311 -0.25 3.15 21.45 23564
2460281.603695 0.99979 0.00116 1.1316 1.99 2.04 21.82 23936
2460281.603834 0.99866 0.00116 1.1321 -0.82 2.18 22.18 24622
2460281.603972 0.99756 0.00116 1.1325 -4.55 0.41 21.98 24050
2460281.604111 0.99735 0.00116 1.133 -5.62 1.42 22.12 22879
2460281.604249 0.99628 0.00116 1.1335 -7.36 0.98 21.26 27376
2460281.604388 0.99869 0.00117 1.1339 -3.55 3.29 22.41 21806
2460281.604526 0.9999 0.00117 1.1343 -0.92 -0.56 20.64 28140
2460281.604664 0.99829 0.00116 1.1348 -0.47 2.16 20.39 28097
2460281.604803 0.99977 0.00117 1.1353 0.37 0.98 20.77 26538
2460281.604941 0.99896 0.00117 1.1357 -0.78 2.82 22.1 23798
2460281.60508 1.00102 0.00117 1.1362 -1.23 1.12 22.03 23671
2460281.605218 0.99843 0.00117 1.1366 0.23 1.1 21.44 29035
2460281.605357 0.99799 0.00117 1.1371 -0.62 2.1 22.62 24889
2460281.605496 0.99745 0.00117 1.1376 0.49 0.81 21.13 26414
2460281.605635 0.99901 0.00117 1.138 -0.96 2.55 21.92 23871
2460281.605773 0.99942 0.00117 1.1385 -1.51 1.09 20.77 23980
2460281.605911 0.99777 0.00117 1.139 -1.01 -0.39 21.63 23190
2460281.60605 0.997 0.00117 1.1395 -5.08 2.02 21.66 23929
2460281.606189 0.99843 0.00117 1.1399 -6.2 3.91 21.41 20770
2460281.606327 0.99827 0.00117 1.1404 -0.75 0.26 21.0 24438
2460281.606466 0.99665 0.00117 1.1409 1.29 2.13 21.43 26751
2460281.606604 0.99855 0.00117 1.1413 1.21 2.43 20.83 25222
2460281.606743 0.99716 0.00117 1.1418 1.45 2.58 21.07 24672
2460281.606882 0.99649 0.00117 1.1423 -0.88 2.82 21.68 23963
2460281.607021 0.99918 0.00117 1.1428 -0.16 2.7 20.92 24603
2460281.607159 0.99731 0.00117 1.1433 -1.09 3.13 21.23 23151
2460281.607298 0.99891 0.00118 1.1437 1.24 0.76 22.25 22648
2460281.607436 0.99823 0.00118 1.1442 -1.78 2.24 21.06 25091
2460281.607575 0.99748 0.00118 1.1447 1.51 0.59 21.71 26554
2460281.607714 0.99978 0.00118 1.1452 -0.55 1.57 21.13 24942
2460281.607853 0.99724 0.00118 1.1457 -1.63 1.49 21.34 23376
2460281.607991 0.99783 0.00118 1.1462 -3.23 2.21 21.14 23450
2460281.60813 0.99858 0.00118 1.1466 -3.78 3.52 20.35 24828
2460281.608268 0.99885 0.00118 1.1471 -4.65 1.35 20.77 23430
2460281.608407 0.99824 0.00118 1.1476 0.04 3.24 21.07 25737
2460281.608546 0.99885 0.00118 1.1481 1.07 1.9 22.2 23663
2460281.608685 0.99918 0.00118 1.1486 -0.95 3.69 21.21 25403
2460281.608823 0.99811 0.00118 1.1491 -2.34 3.17 21.03 27019
2460281.608962 0.99856 0.00118 1.1496 -2.26 1.92 21.28 26910
2460281.609101 0.99889 0.00118 1.1501 -1.0 1.63 20.87 24173
2460281.609239 1.00005 0.00118 1.1506 0.31 2.68 21.29 23394
2460281.609378 0.99804 0.00118 1.1511 -0.08 5.04 23.39 25045
2460281.609517 0.99816 0.00118 1.1516 0.36 4.98 24.41 23482
2460281.609655 0.99788 0.00118 1.1521 1.31 3.78 21.88 23168
2460281.609794 0.99862 0.00119 1.1526 -1.02 3.95 23.12 22522
2460281.609933 0.99928 0.00119 1.1531 -6.81 1.09 22.76 21526
2460281.610071 0.9985 0.00119 1.1536 -6.49 1.8 22.03 24082
2460281.61021 0.99773 0.00119 1.1541 -6.97 2.33 20.88 23247
2460281.610349 0.99501 0.00118 1.1546 -2.73 2.45 22.05 24905
2460281.610487 0.99747 0.00119 1.1551 -1.42 3.01 21.95 21463
2460281.610626 0.99977 0.00119 1.1556 0.18 3.02 22.04 23576
2460281.610765 0.99858 0.00119 1.1561 -0.44 1.56 22.13 22396
2460281.610904 0.99943 0.00119 1.1566 -0.02 1.82 21.45 24346
2460281.611043 0.99798 0.00119 1.1572 0.17 3.05 21.45 24339
2460281.611182 0.99776 0.00119 1.1577 0.48 2.49 20.4 25711
2460281.611321 0.99732 0.00119 1.1582 0.36 1.01 21.07 25818
2460281.611459 0.99592 0.00119 1.1587 0.41 1.77 21.18 26134
2460281.611598 1.00018 0.00119 1.1592 0.27 1.7 21.19 26124
2460281.611737 0.99864 0.00119 1.1597 -1.52 4.02 23.14 26154
2460281.611875 0.99741 0.00119 1.1603 -4.28 4.4 23.01 26370
2460281.612014 0.99862 0.00119 1.1608 -6.88 5.08 23.27 24681
2460281.612152 0.99955 0.0012 1.1613 -4.92 5.82 23.59 23557
2460281.612291 0.99762 0.00119 1.1618 -0.17 0.77 22.45 23671
2460281.612429 0.99911 0.0012 1.1623 0.9 2.07 21.36 23463
2460281.612568 0.99975 0.0012 1.1629 0.66 1.75 21.73 25686
2460281.612707 0.99694 0.0012 1.1634 1.32 3.67 21.84 24313
2460281.612846 0.99859 0.0012 1.1639 -0.17 2.11 22.39 21035
2460281.612984 0.99897 0.0012 1.1644 -0.23 2.11 21.55 22209
2460281.613122 0.99753 0.0012 1.165 -0.8 2.8 20.94 24155
2460281.613261 0.99816 0.0012 1.1655 -1.27 1.83 20.77 24644
2460281.6134 1.00003 0.0012 1.166 -0.67 3.48 21.84 25149
2460281.613538 0.99903 0.0012 1.1666 -0.39 2.0 21.62 23643
2460281.613677 0.99794 0.0012 1.1671 -1.36 4.53 21.17 24918
2460281.613816 0.99479 0.0012 1.1676 -2.09 3.86 23.3 24498
2460281.613954 0.99752 0.0012 1.1682 -5.75 4.49 20.7 27474
2460281.614093 0.99992 0.0012 1.1687 -2.0 4.58 24.79 20721
2460281.614232 0.99795 0.0012 1.1693 1.29 3.59 23.17 21986
2460281.614371 0.99803 0.0012 1.1698 1.07 4.19 22.69 24290
2460281.614509 0.99789 0.0012 1.1703 0.54 2.86 20.97 24344
2460281.614648 0.99861 0.00121 1.1709 -1.35 0.8 22.85 21603
2460281.614786 0.99528 0.0012 1.1714 -1.68 2.0 21.68 23269
2460281.614925 0.99799 0.00121 1.172 -1.39 2.14 21.3 21883
2460281.615064 0.99931 0.00121 1.1725 -1.65 2.92 21.21 23125
2460281.615202 0.99868 0.00121 1.1731 0.35 3.76 23.03 25659
2460281.615341 0.99809 0.00121 1.1736 -1.63 1.14 21.59 24570
2460281.61548 0.99867 0.00121 1.1742 0.47 2.45 21.45 23626
2460281.615618 0.99666 0.00121 1.1747 0.06 2.64 20.87 25308
2460281.615757 0.99785 0.00121 1.1753 -1.24 2.92 22.88 21932
2460281.615895 0.99884 0.00121 1.1758 -3.19 1.77 21.19 22373
2460281.616034 0.99752 0.00121 1.1764 -3.16 1.34 20.63 24542
2460281.616173 1.00049 0.00121 1.1769 -0.9 2.22 22.12 22206
2460281.616312 0.99819 0.00121 1.1775 -0.6 1.02 22.09 22151
2460281.61645 1.00032 0.00122 1.1781 -2.45 4.06 22.63 22485
2460281.616589 0.99791 0.00121 1.1786 -3.61 2.14 21.17 28051
2460281.616728 0.99739 0.00121 1.1792 -5.81 4.45 21.15 23715
2460281.616867 0.99942 0.00122 1.1797 -4.5 2.97 21.31 25425
2460281.617005 0.99818 0.00122 1.1803 -6.05 1.0 20.41 24542
2460281.617144 0.99786 0.00122 1.1809 -0.78 2.6 21.56 26099
2460281.617283 0.99858 0.00122 1.1814 0.54 0.72 21.53 22934
2460281.617421 0.9976 0.00122 1.182 1.91 2.64 21.63 23279
2460281.61756 0.99754 0.00122 1.1826 2.27 1.02 21.3 23198
2460281.617699 1.0001 0.00122 1.1831 -1.33 3.94 22.87 19602
2460281.617838 0.99828 0.00122 1.1837 -4.9 2.73 21.81 21517
2460281.617976 0.99873 0.00122 1.1843 -4.11 4.13 23.52 23508
2460281.618115 0.99928 0.00122 1.1849 -2.88 4.57 20.05 24077
2460281.618254 0.99769 0.00122 1.1854 -2.02 4.44 20.62 23811
2460281.618392 0.99889 0.00122 1.186 0.01 2.2 21.75 21660
2460281.618531 0.99724 0.00122 1.1866 -1.64 3.92 23.27 20484
2460281.61867 0.99934 0.00122 1.1872 -2.85 1.7 21.95 20752
2460281.618808 1.00129 0.00123 1.1877 -1.84 3.26 20.23 25093
2460281.618947 0.99834 0.00123 1.1883 0.02 3.34 21.59 24063
2460281.619086 0.99816 0.00123 1.1889 -0.93 4.65 22.89 25005
2460281.619225 0.9965 0.00122 1.1895 2.5 3.68 23.41 22325
2460281.619364 0.9964 0.00122 1.1901 3.79 4.69 23.43 24223
2460281.619502 0.99865 0.00123 1.1906 0.28 1.81 20.91 27157
2460281.619641 0.99771 0.00123 1.1913 -2.65 2.13 21.9 26099
2460281.61978 0.99626 0.00123 1.1919 -3.38 -0.24 21.59 21918
2460281.619918 0.99627 0.00123 1.1924 -3.07 5.04 21.9 21299
2460281.620057 0.9976 0.00123 1.193 -1.56 4.49 22.4 22307
2460281.620196 0.99877 0.00123 1.1936 1.16 2.62 21.04 24875
2460281.620335 0.99948 0.00123 1.1942 2.48 2.99 21.02 24976
2460281.620474 0.99887 0.00123 1.1948 -0.86 2.54 20.59 27407
2460281.620612 1.00014 0.00124 1.1954 -2.13 4.56 20.66 24508
2460281.620751 0.999 0.00123 1.196 -1.61 1.62 21.34 24918
2460281.62089 0.9964 0.00123 1.1966 0.03 2.95 21.08 23475
2460281.621028 0.9974 0.00123 1.1972 0.53 -0.15 21.68 22026
2460281.621167 0.99763 0.00124 1.1978 0.9 1.6 21.55 22486
2460281.621306 0.9958 0.00123 1.1984 0.6 2.6 21.23 23812
2460281.621445 0.9976 0.00124 1.199 -0.89 1.94 21.94 24590
2460281.621584 0.99761 0.00124 1.1996 -2.09 3.02 23.77 21767
2460281.621722 0.999 0.00124 1.2003 -3.33 4.46 23.57 23487
2460281.621861 0.99865 0.00124 1.2009 -3.68 4.66 21.25 25206
2460281.622 0.99784 0.00124 1.2014 -0.68 3.81 21.59 24816
2460281.622139 0.99752 0.00124 1.2021 -0.04 0.18 22.53 21726
2460281.622278 0.99744 0.00124 1.2027 -0.35 -0.22 21.98 24218
2460281.622416 0.99724 0.00124 1.2033 1.4 2.73 20.83 26283
2460281.622555 0.99675 0.00124 1.2039 -4.73 2.92 21.37 24707
2460281.622693 0.9968 0.00124 1.2045 -4.04 2.66 21.41 26054
2460281.622832 0.99745 0.00124 1.2051 -2.98 2.15 21.43 23592
2460281.622971 0.99822 0.00125 1.2058 -5.59 5.83 22.59 27604
2460281.623109 0.99877 0.00125 1.2064 -2.52 2.03 23.0 26158
2460281.623248 0.99789 0.00125 1.207 -1.12 1.67 21.68 24974
2460281.623387 0.99749 0.00125 1.2076 1.48 3.04 21.3 26331
2460281.623526 0.9986 0.00125 1.2083 0.91 2.62 21.77 26351
2460281.623664 0.99508 0.00125 1.2089 -2.73 2.85 20.89 24721
2460281.623803 0.99815 0.00125 1.2095 -6.98 5.03 21.8 26015
2460281.623942 0.99541 0.00125 1.2101 -4.14 3.36 22.64 23686
2460281.62408 0.99869 0.00125 1.2108 -2.88 2.2 21.69 24424
2460281.624219 0.99691 0.00125 1.2114 -3.09 4.38 21.6 28002
2460281.624358 0.99902 0.00125 1.212 -4.22 4.08 23.34 26515
2460281.624497 0.99828 0.00125 1.2127 -4.55 5.3 24.9 23558
2460281.624635 0.99844 0.00126 1.2133 -7.98 2.16 21.68 22750
2460281.624774 0.9964 0.00125 1.2139 -4.67 4.74 23.37 25747
2460281.624912 0.99745 0.00126 1.2146 -1.95 2.35 22.85 23813
2460281.625051 0.99791 0.00126 1.2152 0.44 1.73 21.06 27128
2460281.625189 0.9987 0.00126 1.2159 -0.4 4.15 21.73 25080
2460281.625328 0.99766 0.00126 1.2165 1.17 0.86 21.12 25022
2460281.625467 0.99853 0.00126 1.2172 -0.24 0.58 20.12 24804
2460281.625606 0.99694 0.00126 1.2178 -4.37 0.32 21.36 27055
2460281.625745 0.99604 0.00126 1.2184 -6.16 2.05 21.59 25003
2460281.625883 0.99748 0.00126 1.2192 -5.86 2.5 21.88 24559
2460281.626022 0.99837 0.00126 1.2198 -4.23 3.71 20.5 27794
2460281.626161 0.99886 0.00127 1.2205 -0.6 3.27 21.3 26127
2460281.6263 0.99794 0.00126 1.2211 -2.17 3.69 23.94 24829
2460281.626438 0.99806 0.00127 1.2217 -2.37 0.99 21.61 25617
2460281.626577 0.99765 0.00127 1.2224 -3.05 3.9 21.12 27194
2460281.626716 0.99636 0.00127 1.223 0.84 4.46 22.52 21089
2460281.626854 0.99789 0.00127 1.2237 -0.33 0.28 20.8 26217
2460281.626993 0.99746 0.00127 1.2243 -1.89 3.23 21.41 25883
2460281.627132 0.99823 0.00127 1.225 3.02 2.39 21.66 24800
2460281.627271 0.99569 0.00127 1.2257 -0.39 1.71 20.89 22968
2460281.62741 0.99787 0.00127 1.2263 -2.8 2.7 21.06 23266
2460281.627548 0.99807 0.00127 1.2271 -4.36 5.84 23.6 23683
2460281.627687 0.99684 0.00127 1.2277 -5.55 3.82 22.88 23772
2460281.627826 0.99693 0.00127 1.2284 -5.31 3.94 23.05 25562
2460281.627964 0.9993 0.00128 1.229 1.62 3.16 21.73 20800
2460281.628103 0.99852 0.00128 1.2297 2.21 0.22 20.81 25291
2460281.628242 0.99801 0.00127 1.2304 1.35 0.95 21.7 25965
2460281.62838 0.99759 0.00128 1.231 0.57 2.18 21.64 25440
2460281.628519 0.99851 0.00128 1.2317 -1.33 0.01 22.31 23396
2460281.628658 0.9987 0.00128 1.2324 -0.98 2.43 21.12 28195
2460281.628796 0.99882 0.00128 1.2331 -1.32 2.66 22.16 25902
2460281.628935 0.99919 0.00128 1.2338 1.08 0.73 21.13 28237
2460281.629074 0.99732 0.00128 1.2345 0.09 4.45 22.63 27075
2460281.629213 0.99762 0.00128 1.2351 -1.9 3.58 21.63 25413
2460281.629351 1.00001 0.00128 1.2358 -3.0 3.27 23.22 25259
2460281.62949 0.99691 0.00128 1.2365 -3.61 4.28 23.63 26102
2460281.629629 0.99701 0.00128 1.2372 -4.36 2.0 21.16 28395
2460281.629768 0.99786 0.00128 1.2379 -2.12 3.07 20.66 27143
2460281.629906 0.99767 0.00128 1.2386 -1.33 4.21 21.53 25585
2460281.630045 0.9964 0.00128 1.2393 0.69 4.77 22.25 31598
2460281.630184 0.99587 0.00128 1.24 1.04 4.17 22.25 26199
2460281.630322 0.99718 0.00129 1.2407 -0.6 2.98 22.04 22899
2460281.630461 0.99843 0.00129 1.2414 0.07 0.91 21.24 26791
2460281.6306 0.99941 0.00129 1.2421 1.16 2.77 21.57 25710
2460281.630739 0.99802 0.00129 1.2428 -0.06 4.67 21.27 25453
2460281.630878 0.99762 0.00129 1.2435 -0.88 1.28 21.82 22576
2460281.631016 0.99813 0.00129 1.2442 -2.02 1.77 21.22 27902
2460281.631155 0.99818 0.00129 1.2449 0.31 -0.96 20.92 26416
2460281.631294 0.99847 0.00129 1.2456 -2.27 3.55 21.53 29174
2460281.631433 0.9986 0.0013 1.2463 -1.55 2.14 22.21 23405
2460281.631571 0.99869 0.0013 1.247 -5.18 1.93 21.24 24079
2460281.63171 0.99731 0.0013 1.2477 -4.1 3.28 21.11 25594
2460281.631849 0.996 0.00129 1.2485 -3.75 3.86 21.65 25566
2460281.631988 0.99703 0.0013 1.2492 -0.25 2.32 21.34 26714
2460281.632126 0.99742 0.0013 1.2499 -2.66 1.86 21.7 28285
2460281.632265 0.99814 0.0013 1.2506 0.07 2.18 20.9 27101
2460281.632404 0.99855 0.0013 1.2513 -1.6 2.69 21.54 26366
2460281.632543 0.996 0.0013 1.2521 -0.36 3.01 21.09 25893
2460281.632681 0.99586 0.0013 1.2528 1.61 2.29 21.27 27572
2460281.63282 0.9968 0.0013 1.2535 -2.58 2.25 20.96 25732
2460281.632959 0.99928 0.00131 1.2542 -0.36 2.38 20.71 26056
2460281.633097 0.99846 0.0013 1.255 -0.21 3.75 20.84 24155
2460281.633236 0.99819 0.00131 1.2557 -1.62 3.46 23.78 25685
2460281.633374 0.99717 0.00131 1.2564 -5.08 1.99 21.33 23699
2460281.633513 0.9987 0.00131 1.2572 -8.08 1.51 21.15 25388
2460281.633652 0.99854 0.00131 1.2579 -8.42 2.47 20.79 25620
2460281.63379 0.99637 0.00131 1.2586 -5.39 1.88 21.23 27111
2460281.633929 0.99796 0.00131 1.2594 -2.81 2.6 22.47 25754
2460281.634069 0.99989 0.00131 1.2601 -0.67 2.18 20.32 27234
2460281.634207 0.99775 0.00131 1.2609 -1.49 3.34 20.86 25836
2460281.634346 0.9974 0.00131 1.2616 -3.75 3.98 23.05 23228
2460281.634485 0.9975 0.00131 1.2623 -0.43 4.8 21.14 25437
2460281.634624 1.00127 0.00132 1.2631 -0.61 2.48 21.24 24919
2460281.634763 1.00012 0.00132 1.2638 -2.62 1.33 21.87 23145
2460281.634901 0.99816 0.00132 1.2646 -0.4 3.81 22.03 26062
2460281.63504 0.99782 0.00132 1.2653 -1.39 3.26 22.23 25324
2460281.635179 0.99792 0.00132 1.2661 -1.99 0.63 24.62 25552
2460281.635317 0.99565 0.00132 1.2668 -3.02 5.03 20.45 28909
2460281.635456 0.99809 0.00132 1.2676 -6.5 4.05 18.8 33279
2460281.635594 0.99831 0.00132 1.2684 -6.63 3.28 21.56 27422
2460281.635733 0.99838 0.00132 1.2691 -2.02 1.14 24.13 20468
2460281.635872 0.99583 0.00132 1.2699 0.58 2.73 21.77 24344
2460281.63601 0.99765 0.00132 1.2706 0.81 1.76 21.01 24727
2460281.636149 0.99567 0.00132 1.2714 -1.15 3.52 21.11 25522
2460281.636288 0.9966 0.00133 1.2722 -1.64 3.65 22.12 21794
2460281.636426 0.99623 0.00133 1.2729 -3.16 3.65 23.61 26530
2460281.636565 0.9999 0.00133 1.2737 -1.62 3.15 22.39 26512
2460281.636703 0.99643 0.00133 1.2745 -0.69 1.59 21.22 26244
2460281.636842 0.9975 0.00133 1.2753 0.05 3.0 20.84 23291
2460281.63698 0.99824 0.00133 1.276 1.37 0.86 21.45 23672
2460281.637119 0.99934 0.00134 1.2768 -1.16 2.89 21.22 24004
2460281.637258 0.99764 0.00133 1.2776 -1.06 1.14 21.11 23760
2460281.637396 0.99861 0.00134 1.2784 -4.32 1.88 22.13 22809
2460281.637535 0.99881 0.00134 1.2792 -5.69 1.87 21.45 24620
2460281.637674 0.99711 0.00134 1.2799 -3.38 3.42 22.54 25588
2460281.637813 0.9981 0.00134 1.2807 -1.11 4.12 23.51 26780
2460281.637951 0.99721 0.00134 1.2815 -2.12 4.08 23.99 23012
2460281.63809 0.99601 0.00134 1.2823 -2.08 3.35 20.65 27124
2460281.638229 0.99909 0.00134 1.2831 -4.5 3.52 22.76 23514
2460281.638368 0.99591 0.00134 1.2839 -3.07 3.09 20.73 25183
2460281.638507 0.99715 0.00134 1.2847 -2.6 3.79 22.02 20309
2460281.638646 0.99792 0.00134 1.2855 -3.57 3.51 20.91 25881
2460281.638784 0.99618 0.00134 1.2863 -0.7 5.85 22.64 27962
2460281.638923 0.99633 0.00134 1.2871 0.21 4.44 22.91 25998
2460281.639062 0.99529 0.00134 1.2879 0.29 2.83 23.34 25320
2460281.6392 1.00113 0.00135 1.2887 -0.97 4.88 23.46 23852
2460281.639339 0.99718 0.00135 1.2895 -2.07 1.86 20.87 27183
2460281.639478 0.99845 0.00135 1.2903 -6.15 0.9 20.39 30070
2460281.639617 0.99836 0.00135 1.2911 -5.23 1.97 21.66 23770
2460281.639756 0.9983 0.00135 1.2919 -3.37 2.86 21.31 23510
2460281.639894 0.99855 0.00135 1.2927 -1.11 2.03 20.24 27100
2460281.640033 0.99842 0.00136 1.2935 -2.37 7.04 22.51 28626
2460281.640172 0.99724 0.00135 1.2944 -3.86 4.48 23.44 22944
2460281.640311 1.00059 0.00136 1.2952 -1.83 7.04 23.13 25783
2460281.640449 0.99702 0.00136 1.2959 -2.22 3.28 22.04 24482
2460281.640588 0.99902 0.00136 1.2968 -0.92 0.59 21.42 27049
2460281.640727 0.99851 0.00136 1.2976 0.27 2.94 21.23 26660
2460281.640865 0.99736 0.00136 1.2985 -0.68 2.18 21.48 24554
2460281.641004 0.99816 0.00136 1.2992 1.67 3.4 20.74 26889
2460281.641143 0.9982 0.00136 1.3001 -2.51 3.04 22.01 22889
2460281.641282 0.99652 0.00136 1.3009 -5.08 7.33 23.16 26563
2460281.64142 0.99919 0.00137 1.3018 -5.98 2.49 21.91 23652
2460281.641559 0.99846 0.00137 1.3026 -5.79 5.12 24.15 24211
2460281.641698 0.99895 0.00137 1.3035 2.13 20.37 24.16 20197
2460281.641836 0.99726 0.00137 1.3043 2.21 2.28 21.47 24357
2460281.641976 0.99898 0.00137 1.3051 0.84 2.64 21.55 23456
2460281.642114 0.99967 0.00137 1.306 -0.22 3.02 21.81 23954
2460281.642253 1.00181 0.00138 1.3068 -1.78 1.58 20.86 25960
2460281.642392 0.99749 0.00137 1.3076 -0.34 0.16 21.4 22871
2460281.642531 0.99839 0.00137 1.3085 -0.34 0.51 21.18 25669
2460281.642669 0.99743 0.00137 1.3094 0.38 1.93 21.59 24193
2460281.642808 0.9987 0.00138 1.3102 1.73 -0.5 22.02 25163
2460281.642947 0.99829 0.00138 1.311 -0.11 1.51 21.84 22419
2460281.643086 0.99943 0.00138 1.3119 -4.4 3.83 21.43 25804
2460281.643225 0.9994 0.00138 1.3128 -3.15 4.84 23.46 24790
2460281.643363 0.9982 0.00138 1.3136 -4.93 2.9 22.66 23662
2460281.643502 0.99915 0.00138 1.3144 -4.22 2.29 23.54 20330
2460281.64364 0.99938 0.00138 1.3154 1.59 3.27 20.48 25229
2460281.643779 0.99494 0.00138 1.3161 3.09 0.27 21.93 22319
2460281.643918 0.99874 0.00139 1.3171 0.17 2.08 21.33 22143
2460281.644057 0.99909 0.00139 1.318 -4.1 3.01 21.76 22143
2460281.644195 0.99709 0.00139 1.3187 -2.44 1.18 21.07 27024
2460281.644334 0.99828 0.00139 1.3196 -2.06 3.52 21.41 26165
2460281.644472 0.99776 0.00139 1.3206 -1.65 5.09 21.65 26354
2460281.644611 0.9963 0.00139 1.3214 -2.64 1.87 20.5 27405
2460281.644749 0.9993 0.00139 1.3222 -1.36 2.08 21.16 24392
2460281.644888 0.99775 0.00139 1.3231 -0.06 2.65 21.28 24915
2460281.645027 0.99628 0.00139 1.3241 -1.29 1.61 20.37 26911
2460281.645166 0.99432 0.00139 1.325 -2.03 2.95 20.83 27384
2460281.645304 0.99613 0.00139 1.3258 -3.12 3.9 20.98 26433
2460281.645443 0.99657 0.0014 1.3267 -3.6 3.88 20.55 27081
2460281.645582 0.99982 0.0014 1.3275 -1.43 5.29 22.59 26832
2460281.645721 0.99801 0.0014 1.3284 -0.73 1.86 22.17 21961
2460281.645859 0.99834 0.0014 1.3293 -0.35 0.67 21.2 24691
2460281.645998 0.99715 0.0014 1.3303 -5.82 2.44 20.69 25197
2460281.646137 0.99825 0.0014 1.3312 -4.58 3.45 20.68 27721
2460281.646276 0.99587 0.0014 1.332 -6.03 3.81 22.75 20975
2460281.646415 0.99862 0.00141 1.3329 -3.7 3.35 20.55 28584
2460281.646554 0.99827 0.00141 1.3339 -2.88 3.39 21.65 21942
2460281.646693 0.99823 0.00141 1.3347 0.28 3.13 21.12 23633
2460281.646831 0.99548 0.00141 1.3357 1.53 1.48 21.16 26410
2460281.64697 0.99845 0.00141 1.3366 0.88 1.82 22.98 27037
2460281.647108 0.9983 0.00141 1.3375 -1.73 0.36 21.9 22284
2460281.647247 0.99754 0.00141 1.3384 -0.61 3.46 21.88 23375
2460281.647386 0.99786 0.00142 1.3393 -3.88 1.18 21.49 23192
2460281.647524 0.9997 0.00142 1.3402 -2.87 2.65 20.32 22323
2460281.647663 0.99847 0.00142 1.3411 -1.94 5.06 21.16 23821
2460281.647802 0.99677 0.00142 1.3421 -3.86 2.7 23.65 25613
2460281.647941 0.99887 0.00142 1.343 -7.66 5.22 21.17 24882
2460281.64808 0.99855 0.00142 1.344 -4.0 2.74 21.07 26718
2460281.648219 0.99948 0.00143 1.3448 -5.93 3.48 21.61 24358
2460281.648358 1.00003 0.00143 1.3458 -2.17 2.82 20.48 23367
2460281.648496 0.99888 0.00143 1.3467 -0.87 -0.23 21.29 24188
2460281.648635 0.9965 0.00142 1.3476 2.6 1.22 21.27 21601
2460281.648774 0.9969 0.00143 1.3486 6.62 3.69 21.01 20525
2460281.648911 0.99804 0.00143 1.3495 2.78 3.97 22.2 17363
2460281.64905 0.99583 0.00143 1.3504 -1.6 1.65 21.5 20810
2460281.649189 0.99781 0.00143 1.3514 -3.94 3.38 22.03 21227
2460281.649328 0.99718 0.00143 1.3523 -5.24 2.88 21.85 24394
2460281.649466 0.9976 0.00143 1.3533 -4.98 2.39 22.49 22257
2460281.649605 0.99908 0.00144 1.3542 1.12 3.03 21.67 26060
2460281.649744 0.99809 0.00144 1.3552 -2.84 2.16 20.88 26220
2460281.649883 0.99868 0.00144 1.3561 -4.71 1.08 21.22 22096
2460281.650021 0.99541 0.00143 1.3571 -6.92 3.61 21.52 22473
2460281.65016 0.99703 0.00144 1.3581 -3.28 2.4 21.84 22796
2460281.650299 1.00176 0.00145 1.359 -2.14 4.15 23.48 24807
2460281.650438 0.99725 0.00144 1.36 -0.76 4.25 21.09 27357
2460281.650577 0.99936 0.00145 1.3609 3.11 5.27 21.59 24373
2460281.650716 0.99702 0.00145 1.3619 6.44 20.36 23.32 22865
2460281.650855 0.99875 0.00145 1.3629 -1.15 0.1 21.3 26528
