2460281.440386 0.99992 0.00105 1.1318 -4.87 1.61 20.78 39193
2460281.440525 1.00112 0.00105 1.1314 -3.58 -1.65 20.86 46131
2460281.440663 1.00206 0.00105 1.1309 -0.98 0.27 21.47 57747
2460281.440802 1.00092 0.00105 1.1305 -0.24 0.67 22.12 37679
2460281.44094 1.00244 0.00105 1.13 0.68 -1.71 21.42 39996
2460281.441079 1.00161 0.00105 1.1296 1.74 -1.15 21.02 37874
2460281.441217 0.99976 0.00105 1.1291 2.9 -3.77 21.74 40610
2460281.441355 1.00004 0.00105 1.1287 7.53 -2.68 22.2 32651
2460281.441494 0.99945 0.00105 1.1283 10.88 -1.4 21.42 37527
2460281.441632 1.00259 0.00105 1.1278 -6.31 0.38 21.82 32259
2460281.441771 1.00197 0.00105 1.1274 -3.55 -1.78 20.98 38002
2460281.441909 1.00261 0.00105 1.1269 -4.79 -3.16 21.19 38619
2460281.442048 1.00067 0.00105 1.1264 -6.48 -0.92 21.72 31356
2460281.442186 1.00144 0.00105 1.126 -1.37 -4.66 20.15 28640
2460281.442325 1.00063 0.00105 1.1256 -3.87 -1.46 21.58 38735
2460281.442463 1.00047 0.00105 1.1251 -2.5 -3.25 21.86 35130
2460281.442602 1.00046 0.00105 1.1247 -1.54 -2.52 21.9 35099
2460281.44274 1.0019 0.00105 1.1243 -1.2 -1.48 22.16 33644
2460281.442879 1.00208 0.00105 1.1238 1.79 1.22 20.3 38218
2460281.443017 1.00051 0.00104 1.1234 1.85 -2.01 20.84 38252
2460281.443156 1.00094 0.00104 1.123 2.82 -2.31 21.42 35721
2460281.443294 1.00089 0.00104 1.1226 7.6 -2.14 21.7 37080
2460281.443432 1.00101 0.00104 1.1221 -4.91 5.77 19.54 35042
2460281.443571 0.9996 0.00104 1.1217 -0.06 -1.11 21.34 38793
2460281.443709 1.00075 0.00104 1.1213 -0.46 -0.48 22.13 36510
2460281.443847 1.001 0.00104 1.1208 -5.13 -3.23 21.46 35549
2460281.443986 1.00177 0.00104 1.1204 -9.79 0.6 21.36 26313
2460281.444124 1.00344 0.00104 1.12 -6.88 -0.78 20.75 37277
2460281.444263 1.00332 0.00104 1.1195 -9.64 -1.25 20.67 42076
2460281.444401 1.00135 0.00104 1.1191 -3.38 -2.71 21.16 39678
2460281.444539 1.00266 0.00104 1.1187 -2.12 -3.13 20.82 36001
2460281.444678 1.00185 0.00104 1.1183 1.1 -1.46 21.09 35154
2460281.444816 1.00102 0.00104 1.1179 1.96 -1.72 21.41 37939
2460281.444955 1.00117 0.00104 1.1175 4.21 -2.51 21.51 37580
2460281.445093 0.99943 0.00104 1.117 6.78 -1.86 21.55 41317
2460281.445231 1.00074 0.00104 1.1166 -0.24 -1.8 21.64 36609
2460281.445369 1.00166 0.00104 1.1162 1.41 2.14 20.48 42966
2460281.445646 1.00101 0.00104 1.1154 -6.6 -2.57 21.69 33411
2460281.445784 1.00148 0.00104 1.115 -7.32 -2.1 21.6 35662
2460281.445922 1.00066 0.00104 1.1146 -5.72 0.03 20.44 39705
2460281.44606 1.00231 0.00104 1.1141 -5.23 2.15 19.81 36737
2460281.446199 1.00238 0.00104 1.1137 -8.34 -1.77 20.46 38352
2460281.446337 1.00269 0.00104 1.1133 -3.47 -2.78 19.95 35081
2460281.446476 1.001 0.00103 1.1129 2.15 -0.11 21.23 40242
2460281.446614 0.99983 0.00103 1.1125 1.62 -0.93 20.43 40526
2460281.446753 1.00162 0.00103 1.1121 0.3 -2.15 21.21 40864
2460281.446891 1.00151 0.00103 1.1117 6.83 -2.32 20.52 38464
2460281.44703 1.0016 0.00103 1.1113 0.96 -1.71 21.75 35470
2460281.447168 1.00284 0.00103 1.1109 1.69 2.29 19.85 42034
2460281.447306 1.00245 0.00103 1.1105 -0.75 -1.34 20.36 37952
2460281.447445 1.00151 0.00103 1.1101 -0.01 0.17 20.64 40489
2460281.447583 1.00249 0.00103 1.1097 -1.67 -1.93 22.35 34783
2460281.447722 1.00269 0.00103 1.1093 -6.52 -1.22 20.52 39696
2460281.44786 1.00343 0.00103 1.1089 -8.74 -1.17 21.2 40735
2460281.447999 1.00151 0.00103 1.1085 -13.41 -0.51 19.83 39786
2460281.448137 1.00253 0.00103 1.1081 -7.57 -1.89 20.61 35184
2460281.448275 1.00147 0.00103 1.1077 0.05 -0.87 20.69 38631
2460281.448414 1.00046 0.00103 1.1073 3.26 -0.74 20.74 41223
2460281.448552 1.00171 0.00103 1.1069 4.89 -2.58 20.97 35600
2460281.44869 1.00098 0.00103 1.1065 4.05 -2.22 20.63 39820
2460281.448829 1.00114 0.00103 1.1061 0.84 -2.22 21.73 33493
2460281.448967 1.00372 0.00103 1.1057 1.74 -0.78 20.94 41122
2460281.449105 1.00363 0.00103 1.1053 3.0 -0.56 20.67 37437
2460281.449244 1.00183 0.00103 1.1049 0.68 -2.15 21.13 37056
2460281.449382 1.0009 0.00103 1.1046 3.24 -4.39 20.64 30545
2460281.449521 1.00171 0.00103 1.1042 -4.79 -0.44 20.22 39722
2460281.449659 1.00296 0.00103 1.1038 -8.19 -2.28 20.27 39441
2460281.449797 1.00244 0.00103 1.1034 -7.29 -0.85 20.21 45547
2460281.449936 1.00116 0.00103 1.103 -8.46 -1.6 20.92 38309
2460281.450074 1.00141 0.00103 1.1026 1.62 1.15 20.0 38498
2460281.450213 1.00171 0.00103 1.1023 2.4 -2.33 19.98 39522
2460281.450351 1.0025 0.00103 1.1019 1.79 -3.02 20.63 33151
2460281.450489 1.00189 0.00103 1.1015 6.05 -6.32 19.17 38466
2460281.450628 1.00159 0.00103 1.1011 -2.5 -0.68 19.7 37813
2460281.450766 1.00153 0.00103 1.1007 1.9 -0.94 20.8 41352
2460281.450905 1.00296 0.00103 1.1004 2.34 -1.6 20.97 36396
2460281.451043 1.00256 0.00103 1.1 4.31 1.37 21.08 38913
2460281.451182 1.0008 0.00103 1.0996 6.03 -5.72 20.8 32316
2460281.45132 1.00059 0.00103 1.0992 -1.86 -1.2 20.62 41934
2460281.451459 1.00273 0.00103 1.0989 -3.08 -0.28 20.51 40844
2460281.451597 1.00245 0.00103 1.0985 -6.26 -0.83 20.4 40903
2460281.451735 1.0011 0.00103 1.0981 -7.46 -2.69 21.05 36561
2460281.451874 1.00024 0.00103 1.0977 -1.92 -0.18 20.99 41041
2460281.452012 1.00085 0.00103 1.0974 -0.44 -2.28 21.02 39423
2460281.452151 1.00233 0.00103 1.097 0.59 -1.41 21.09 35701
2460281.452289 1.00094 0.00103 1.0966 1.4 -1.96 21.85 37922
2460281.452427 1.00078 0.00103 1.0963 -2.87 -0.23 22.42 37275
2460281.452566 1.00171 0.00103 1.0959 0.21 -0.89 21.62 34173
2460281.452704 1.00218 0.00103 1.0955 2.25 -1.71 21.64 41919
2460281.452843 0.99988 0.00102 1.0952 1.03 -2.11 21.18 36680
2460281.452981 1.00168 0.00102 1.0948 3.09 -1.28 22.15 32568
2460281.45312 1.00319 0.00103 1.0944 0.7 -1.69 21.22 37902
2460281.453258 1.00176 0.00102 1.0941 0.0 -1.15 21.08 39631
2460281.453397 1.00148 0.00102 1.0937 -1.78 -0.76 20.95 43161
2460281.453535 1.00122 0.00102 1.0934 -2.38 -1.5 21.18 40541
2460281.453674 1.00279 0.00102 1.093 -0.0 -0.9 21.07 38782
2460281.453812 1.00209 0.00102 1.0927 -4.48 -0.03 22.27 36437
2460281.45395 1.00212 0.00102 1.0923 -1.2 -1.2 20.78 36418
2460281.454089 1.00259 0.00102 1.0919 0.71 0.26 20.84 37815
2460281.454227 1.00162 0.00102 1.0916 -0.19 -1.16 22.6 32254
2460281.454366 1.00354 0.00102 1.0912 -2.9 -1.04 20.71 44385
2460281.454504 1.0003 0.00102 1.0909 0.38 -1.48 20.4 41693
2460281.454643 1.00002 0.00102 1.0905 -0.13 -1.72 21.16 43233
2460281.454781 1.00142 0.00102 1.0902 -2.91 -2.11 20.99 35881
2460281.45492 1.00183 0.00102 1.0898 -3.33 -2.2 20.22 45987
2460281.455058 1.00105 0.00102 1.0895 -1.71 -2.75 20.64 38374
2460281.455196 1.00046 0.00102 1.0891 -1.19 -2.27 20.52 50142
2460281.455335 1.00211 0.00102 1.0888 0.0 -1.86 21.17 36834
2460281.455473 1.00317 0.00102 1.0884 -2.96 -0.54 20.1 40957
2460281.455612 1.00101 0.00102 1.0881 -4.25 -1.79 20.72 42377
2460281.45575 1.00215 0.00102 1.0877 -6.09 -2.47 21.21 36352
2460281.455889 1.00228 0.00102 1.0874 -5.8 -2.66 20.43 45981
2460281.456027 1.00083 0.00102 1.087 -2.54 -1.58 21.34 37086
2460281.456166 1.00114 0.00101 1.0867 1.36 -0.31 20.94 42610
2460281.456304 1.00189 0.00102 1.0864 -5.72 -1.33 20.03 45024
2460281.456443 1.00204 0.00102 1.086 -0.43 -2.38 20.17 53330
2460281.456581 1.00239 0.00102 1.0857 -1.46 -1.42 21.32 37774
2460281.45672 1.00136 0.00101 1.0854 -0.31 -1.57 19.51 47415
2460281.456858 1.00246 0.00101 1.085 -0.92 -0.76 20.17 50714
2460281.456997 1.00284 0.00101 1.0847 -0.3 -1.48 20.35 37835
2460281.457135 1.0015 0.00101 1.0843 0.32 -2.98 20.86 45738
2460281.457273 1.00101 0.00101 1.084 -4.8 -0.21 20.28 46035
2460281.457411 1.00261 0.00101 1.0836 -5.95 -1.69 20.53 37903
2460281.457549 1.00219 0.00101 1.0833 -2.91 -1.86 20.25 40391
2460281.457687 1.00218 0.00101 1.083 -5.06 -1.98 19.94 43467
2460281.457826 1.00199 0.00101 1.0827 -2.77 -0.41 21.15 39435
2460281.457964 0.99797 0.00101 1.0823 0.7 -0.22 20.01 48126
2460281.458103 1.00023 0.00101 1.082 1.06 -1.32 20.22 43290
2460281.458241 1.00227 0.00101 1.0817 -1.37 -2.53 19.73 43052
2460281.45838 1.00266 0.00101 1.0814 -3.95 -0.11 21.04 36806
2460281.458518 1.00139 0.00101 1.081 -2.69 -0.57 19.46 49895
2460281.458657 1.00218 0.00101 1.0807 -1.79 -0.84 20.19 50555
2460281.458795 1.0017 0.00101 1.0804 -1.31 -2.56 19.69 50759
2460281.458934 1.0017 0.00101 1.08 -1.36 -2.32 19.86 49245
2460281.459072 1.00107 0.00101 1.0797 1.78 1.3 20.72 47195
2460281.45921 0.9988 0.00101 1.0794 -3.04 -1.11 20.28 46588
2460281.459349 1.00153 0.00101 1.0791 -1.52 -1.26 19.74 48418
2460281.459487 1.00044 0.00101 1.0787 -1.65 -0.28 19.35 42504
2460281.459626 1.0017 0.00101 1.0784 -2.65 -0.78 21.15 38212
2460281.459764 1.00173 0.00101 1.0781 -2.04 -0.15 20.56 44112
2460281.459903 1.00142 0.00101 1.0778 -1.99 -2.18 20.15 46448
2460281.460041 1.0023 0.00101 1.0775 0.27 -3.05 19.8 54283
2460281.460179 1.00299 0.00101 1.0772 -0.79 -0.61 19.49 40040
2460281.460318 1.0014 0.001 1.0768 -4.28 -1.72 19.59 46662
2460281.460456 1.00047 0.001 1.0765 -4.76 -1.75 19.75 49044
2460281.460595 1.00187 0.001 1.0762 -5.27 -1.88 19.96 46822
2460281.460733 1.00228 0.001 1.0759 -4.7 -2.33 19.43 47494
2460281.460871 0.99969 0.001 1.0756 -2.78 -1.05 19.91 45261
2460281.461009 1.00146 0.001 1.0753 2.06 2.98 18.3 52812
2460281.461148 1.00128 0.001 1.075 2.23 -0.78 19.27 53988
2460281.461286 1.0004 0.001 1.0747 -0.39 -2.06 18.85 51990
2460281.461425 1.00066 0.001 1.0743 -0.61 -0.67 20.96 36872
2460281.461563 1.00201 0.001 1.074 -4.39 -1.39 19.82 43666
2460281.461701 1.00184 0.00101 1.0737 -5.77 -2.46 19.9 41683
2460281.46184 1.00245 0.00101 1.0734 -4.35 -1.83 20.15 49674
2460281.461978 1.00127 0.00101 1.0731 -2.04 -2.32 20.49 40037
2460281.462117 1.00117 0.00101 1.0728 -2.28 -1.67 19.62 42233
2460281.462255 1.00258 0.00101 1.0725 -4.3 -0.19 20.55 45278
2460281.462393 1.00337 0.00101 1.0722 -6.65 -1.2 20.23 44135
2460281.462532 1.00424 0.00101 1.0719 -6.95 -2.18 20.22 42751
2460281.46267 1.00224 0.001 1.0716 -3.0 0.37 20.87 40563
2460281.462809 1.00066 0.001 1.0713 -1.14 -0.79 20.99 39472
2460281.462947 1.00215 0.001 1.071 1.81 -1.03 20.87 40261
2460281.463086 0.99969 0.001 1.0707 1.8 -1.35 20.84 46325
2460281.463224 1.00055 0.001 1.0704 -1.48 -0.28 22.07 35266
2460281.463363 1.00321 0.001 1.0701 -3.88 -0.93 20.62 44998
2460281.463501 1.00061 0.001 1.0698 -3.28 -0.66 20.09 45108
2460281.463639 1.00288 0.001 1.0695 -4.05 -1.53 21.0 45739
2460281.463778 1.00252 0.001 1.0692 -5.02 -0.54 20.31 39876
2460281.463916 1.00281 0.001 1.0689 -4.07 0.88 19.91 49726
2460281.464055 1.00086 0.001 1.0686 -2.91 -0.86 20.11 46256
2460281.464193 1.00157 0.001 1.0683 -4.29 -3.34 19.91 43829
2460281.464331 1.00184 0.001 1.068 -5.29 -2.65 20.65 45611
2460281.46447 1.00118 0.001 1.0677 -1.87 -1.23 20.11 52080
2460281.464608 1.00049 0.001 1.0675 -0.52 -0.96 20.4 45812
2460281.464747 1.00105 0.001 1.0672 -0.38 -1.38 19.64 44898
2460281.464885 1.00146 0.001 1.0669 1.2 -0.6 19.45 49845
2460281.465024 1.00007 0.001 1.0666 0.03 -1.63 22.57 34710
2460281.465162 1.00057 0.001 1.0663 -3.25 -0.92 20.41 47840
2460281.465301 1.00089 0.001 1.066 -2.32 -0.23 19.99 44283
2460281.465439 1.00141 0.001 1.0657 -3.39 -1.39 19.17 46412
2460281.465578 1.00241 0.001 1.0654 -4.71 -1.47 20.26 45995
2460281.465716 1.00073 0.001 1.0652 -3.19 0.52 20.53 50597
2460281.465854 1.00147 0.001 1.0649 -2.0 -1.79 20.09 48017
2460281.465993 1.00042 0.001 1.0646 -1.12 -0.54 20.3 50430
2460281.466131 1.00266 0.001 1.0643 -5.75 -2.18 20.2 46542
2460281.466269 1.00025 0.00099 1.064 -3.29 -0.23 19.37 46261
2460281.466408 1.00128 0.001 1.0638 -2.99 -1.38 20.1 47452
2460281.466546 1.00201 0.001 1.0635 -3.72 -0.71 19.54 51269
2460281.466684 1.00106 0.001 1.0632 -1.86 0.3 19.26 47021
2460281.466961 1.00059 0.00099 1.0626 1.87 -1.3 19.65 48240
2460281.4671 1.0023 0.00099 1.0624 -0.43 -2.2 20.06 45358
2460281.467238 1.00002 0.00099 1.0621 1.32 1.66 18.75 51375
2460281.467376 1.00204 0.00099 1.0618 -2.89 -2.46 19.0 43427
2460281.467515 1.00001 0.00099 1.0615 -4.0 -0.49 19.67 55247
2460281.467653 1.00082 0.00099 1.0613 -2.51 0.03 19.76 51991
2460281.467792 1.00069 0.00099 1.061 -2.36 -0.73 19.99 47714
2460281.46793 1.0015 0.00099 1.0607 -4.27 -1.28 20.0 41891
2460281.468069 1.00119 0.00099 1.0605 -4.67 -1.49 19.94 53926
2460281.468207 1.00177 0.00099 1.0602 -4.81 -0.02 19.19 47102
2460281.468345 1.00206 0.00099 1.0599 -4.12 -0.3 19.68 46216
2460281.468484 1.00264 0.00099 1.0597 -2.63 -0.9 19.92 53159
2460281.468622 1.00195 0.00099 1.0594 -4.15 0.94 19.78 39994
2460281.468761 1.00088 0.00099 1.0591 0.7 -1.01 20.35 43907
2460281.468899 1.00185 0.00099 1.0589 4.03 0.59 18.76 46271
2460281.469038 0.99972 0.00099 1.0586 3.21 -0.5 19.65 44584
2460281.469176 0.99937 0.00099 1.0583 -2.23 -1.26 19.15 46981
2460281.469315 1.00068 0.00099 1.0581 -4.83 0.64 19.48 51145
2460281.469452 1.00131 0.00099 1.0578 -3.58 -0.66 19.57 43261
2460281.469591 1.00112 0.00099 1.0575 -4.44 -1.48 20.0 50650
2460281.469729 1.0038 0.00099 1.0573 -3.71 -1.31 19.21 49996
2460281.469867 1.00133 0.00099 1.057 -2.86 -0.5 19.67 52955
2460281.470006 1.00098 0.00099 1.0568 -1.85 -1.69 19.7 55735
2460281.470144 1.00151 0.00099 1.0565 -3.63 -1.2 18.88 44788
2460281.470283 1.00161 0.00099 1.0562 -0.99 -0.65 19.26 54649
2460281.470421 1.00213 0.00099 1.056 -2.73 0.23 20.6 40775
2460281.47056 1.001 0.00099 1.0557 -0.6 0.42 19.88 49506
2460281.470698 1.00147 0.00099 1.0555 -1.35 -1.01 20.41 46721
2460281.470837 0.99976 0.00099 1.0552 1.15 -0.65 19.65 51068
2460281.470975 0.99938 0.00099 1.055 0.3 -1.4 19.94 40181
2460281.471113 1.00076 0.00099 1.0547 -3.59 -0.31 19.92 55235
2460281.471252 1.00162 0.00099 1.0545 -4.93 -0.36 20.09 49254
2460281.47139 1.00231 0.00099 1.0542 -6.02 -1.93 20.23 45886
2460281.471529 1.00249 0.00099 1.054 -5.53 -1.05 20.08 47412
2460281.471667 1.00057 0.00099 1.0537 -1.66 -0.88 20.1 49085
2460281.471805 1.00247 0.00099 1.0535 -1.03 0.03 19.81 51148
2460281.471944 1.00229 0.00099 1.0532 -0.55 0.32 20.49 43196
2460281.472082 1.00129 0.00099 1.053 -2.69 -2.09 19.98 46097
2460281.472221 1.00291 0.00099 1.0527 -3.79 -1.3 20.81 44669
2460281.47236 1.00168 0.00099 1.0525 -1.89 -0.98 20.37 59028
2460281.472498 1.00257 0.00099 1.0522 -5.07 7.12 17.72 47043
2460281.472637 1.00035 0.00099 1.052 0.92 -0.08 20.12 52173
2460281.472775 1.0015 0.00099 1.0517 -0.07 -1.59 20.02 54521
2460281.472913 1.00141 0.00099 1.0515 -2.58 0.53 19.75 47596
2460281.473052 1.00253 0.00099 1.0513 -2.53 -0.48 19.76 45454
2460281.473191 1.00194 0.00099 1.051 -5.34 0.15 19.56 50911
2460281.473329 1.00031 0.00098 1.0508 -6.06 -0.84 19.85 49610
2460281.473467 1.00063 0.00099 1.0505 -3.42 -0.56 20.44 44349
2460281.473605 1.00075 0.00099 1.0503 -0.99 -1.33 20.22 53720
2460281.473744 1.00072 0.00098 1.0501 1.2 -1.05 20.13 52685
2460281.474021 1.00238 0.00099 1.0496 -0.14 -1.36 22.35 35623
2460281.474159 1.00144 0.00098 1.0494 -0.12 3.21 19.1 50612
2460281.474298 1.00027 0.00098 1.0491 -0.55 2.75 18.66 52087
2460281.474436 1.00139 0.00098 1.0489 0.03 -1.11 20.07 52922
2460281.474575 1.00154 0.00098 1.0486 -0.32 -1.66 20.13 49725
2460281.474713 1.00116 0.00098 1.0484 -2.04 -0.54 20.02 48816
2460281.474852 1.00182 0.00098 1.0482 -1.91 -0.11 19.25 54037
2460281.47499 1.00087 0.00098 1.048 -3.83 -0.79 19.44 52866
2460281.475128 1.0027 0.00098 1.0477 -3.63 -1.25 19.91 50424
2460281.475267 1.00251 0.00098 1.0475 -6.52 -0.55 19.36 49734
2460281.475405 1.00145 0.00098 1.0473 -4.35 -0.35 19.21 51575
2460281.475544 1.0012 0.00098 1.047 -0.41 2.29 19.47 41600
2460281.475682 1.00095 0.00098 1.0468 0.19 -1.53 19.65 51656
2460281.475821 1.00065 0.00098 1.0466 -2.28 -1.48 20.71 34998
2460281.475959 1.00061 0.00098 1.0464 -3.08 -0.19 19.77 57135
2460281.476098 1.00172 0.00098 1.0461 -3.07 -0.63 19.98 54493
2460281.476236 1.00158 0.00098 1.0459 -3.08 -1.35 19.86 54780
2460281.476375 1.00162 0.00098 1.0457 -1.83 -0.7 19.11 49997
2460281.476513 1.00091 0.00098 1.0455 -0.47 0.77 19.32 46990
2460281.476651 1.00162 0.00098 1.0453 -0.06 -0.62 19.4 54039
2460281.47679 1.00182 0.00098 1.045 -0.33 -0.27 19.15 44149
2460281.476928 1.00127 0.00098 1.0448 -3.19 -1.17 19.13 45151
2460281.477066 1.00047 0.00098 1.0446 -2.67 1.93 19.14 43783
2460281.477205 1.00221 0.00098 1.0444 -3.75 -0.45 19.26 46148
2460281.477344 1.00308 0.00098 1.0441 -3.32 -0.35 19.44 49040
2460281.477482 1.00166 0.00098 1.0439 -2.64 -1.09 19.65 52366
2460281.477621 1.00238 0.00098 1.0437 -1.65 -0.95 20.18 42058
2460281.477759 1.00003 0.00098 1.0435 -0.42 -0.28 19.75 48933
2460281.477898 1.00178 0.00098 1.0433 -1.45 -1.06 19.74 54009
2460281.478036 0.99991 0.00098 1.0431 0.56 -0.58 19.09 48483
2460281.478174 1.00046 0.00098 1.0429 0.04 -2.03 19.91 45643
2460281.478313 1.0004 0.00098 1.0426 -0.03 -0.37 19.3 45490
2460281.478452 1.00124 0.00098 1.0424 -0.56 -0.34 18.67 44550
2460281.47859 1.00084 0.00098 1.0422 0.85 -0.31 19.89 52384
2460281.478728 1.0011 0.00098 1.042 0.58 -0.37 19.08 50165
2460281.478867 1.00115 0.00098 1.0418 -1.51 2.79 20.32 38218
2460281.479005 1.00052 0.00098 1.0416 -4.25 0.92 18.88 56524
2460281.479144 1.0013 0.00098 1.0414 -1.92 -0.7 18.91 48219
2460281.479282 1.00393 0.00098 1.0412 -6.81 -1.63 19.72 45118
2460281.47942 1.00232 0.00098 1.041 -2.3 -0.33 19.02 47949
2460281.479559 0.99965 0.00098 1.0408 0.17 0.18 19.33 56104
2460281.479697 1.00231 0.00098 1.0406 -0.5 -1.29 19.08 54071
2460281.479836 1.00167 0.00098 1.0403 -0.27 -0.42 19.49 55856
2460281.479974 1.00101 0.00098 1.0401 0.33 -0.69 19.2 56204
2460281.480113 0.99971 0.00097 1.0399 -1.68 0.01 19.11 51233
2460281.480251 1.00039 0.00097 1.0397 0.38 -0.26 18.93 50737
2460281.480389 1.00075 0.00097 1.0395 -0.71 -0.97 18.99 55092
2460281.480528 1.0024 0.00098 1.0393 0.78 1.42 18.41 49788
2460281.480666 1.00115 0.00098 1.0391 -1.68 0.02 20.14 39914
2460281.480804 1.00185 0.00097 1.0389 -5.09 0.28 19.36 44514
2460281.480943 0.99994 0.00097 1.0387 -4.71 0.73 18.8 49000
2460281.481082 1.00236 0.00098 1.0385 -6.14 -0.65 18.64 59639
2460281.48122 1.00302 0.00098 1.0383 -3.85 -0.02 19.21 42509
2460281.481358 0.99971 0.00097 1.0381 -2.55 0.86 18.55 54932
2460281.481495 1.00009 0.00097 1.038 0.27 1.8 17.82 53560
2460281.481772 1.00169 0.00097 1.0376 -0.74 -0.96 18.49 52556
2460281.481911 1.00063 0.00097 1.0374 -0.29 0.36 18.94 56820
2460281.482049 1.00118 0.00097 1.0372 -0.21 -0.1 18.63 54660
2460281.482187 1.00061 0.00097 1.037 -2.68 0.8 18.43 54249
2460281.482326 0.99986 0.00097 1.0368 -0.44 -1.07 18.73 55191
2460281.482464 1.00084 0.00097 1.0366 -1.22 -1.02 19.31 45520
2460281.482603 1.00064 0.00097 1.0364 -0.37 0.39 18.38 55699
2460281.482741 1.00258 0.00097 1.0362 0.46 0.73 18.08 50428
2460281.482879 1.00049 0.00097 1.036 -0.29 0.86 18.02 57264
2460281.483018 1.00003 0.00097 1.0358 -4.45 0.39 18.36 48452
2460281.483156 1.0009 0.00097 1.0357 -1.81 0.6 18.26 54421
2460281.483295 1.00001 0.00097 1.0355 -1.61 0.21 18.7 44846
2460281.483433 1.00053 0.00097 1.0353 0.11 0.05 18.97 51696
2460281.483572 0.99889 0.00097 1.0351 -2.46 -1.29 18.84 54436
2460281.48371 1.00162 0.00097 1.0349 -2.74 0.77 18.96 54987
2460281.483849 1.00127 0.00097 1.0347 -2.62 1.1 18.21 54539
2460281.483987 1.0012 0.00097 1.0345 -2.42 1.18 18.95 52808
2460281.484125 1.00221 0.00097 1.0344 0.7 -1.38 18.35 53924
2460281.484264 1.00118 0.00097 1.0342 -2.77 -0.59 18.75 46176
2460281.484402 1.00106 0.00097 1.034 -0.56 -0.38 18.78 53925
2460281.484541 0.99764 0.00097 1.0338 -0.22 -0.55 18.62 58905
2460281.484679 0.99997 0.00097 1.0336 1.44 -0.1 19.09 55006
2460281.484818 0.99953 0.00097 1.0335 0.04 -0.92 18.83 39155
2460281.484956 1.00203 0.00097 1.0333 -4.76 -0.2 19.22 52533
2460281.485095 1.0007 0.00097 1.0331 -3.33 -0.48 19.07 57525
2460281.485233 1.00059 0.00097 1.0329 -0.96 0.46 18.49 54186
2460281.485372 1.00051 0.00097 1.0328 -1.76 -1.88 18.79 54657
2460281.48551 1.00135 0.00097 1.0326 -2.69 1.99 18.29 52103
2460281.485649 1.00083 0.00097 1.0324 -4.12 -0.55 18.78 51694
2460281.485787 1.00134 0.00097 1.0322 -4.51 1.55 17.99 50307
2460281.485925 0.99948 0.00097 1.0321 -3.78 -1.7 18.13 57519
2460281.486064 0.99939 0.00097 1.0319 -3.16 -0.57 18.88 51292
2460281.486202 1.00009 0.00097 1.0317 -1.82 0.97 18.57 56577
2460281.486341 1.00132 0.00097 1.0315 -1.32 0.32 19.24 48345
2460281.486479 1.00073 0.00097 1.0314 2.0 3.14 17.66 57366
2460281.486617 1.00055 0.00097 1.0312 1.28 -0.66 17.45 47520
2460281.486756 1.00048 0.00097 1.031 -4.31 0.34 18.12 54738
2460281.486894 1.00118 0.00097 1.0309 -4.57 0.44 17.85 55290
2460281.487033 1.00045 0.00097 1.0307 -6.72 -0.86 18.42 50225
2460281.487172 1.00134 0.00097 1.0305 -3.37 -1.22 18.74 49043
2460281.48731 1.00128 0.00097 1.0304 -0.26 4.19 17.35 52173
2460281.487448 0.99977 0.00097 1.0302 -1.35 -0.38 18.67 49487
2460281.487587 1.00066 0.00097 1.03 -0.98 -0.39 18.75 50328
2460281.487725 0.99986 0.00097 1.0299 -2.65 -1.83 18.25 47097
2460281.487864 1.00155 0.00097 1.0297 -2.01 -0.33 19.12 41716
2460281.488002 1.00005 0.00097 1.0295 -0.79 0.79 18.28 46697
2460281.488141 1.00086 0.00097 1.0294 -1.26 1.65 17.99 44089
2460281.488279 1.0009 0.00097 1.0292 0.91 -0.15 19.81 45144
2460281.488418 0.99953 0.00097 1.0291 -0.43 -0.9 18.44 41763
2460281.488556 0.99974 0.00097 1.0289 -4.72 -0.94 19.35 44322
2460281.488694 1.00046 0.00097 1.0287 -3.09 -0.53 19.21 44342
2460281.488833 1.0016 0.00097 1.0286 -3.95 -0.8 19.25 42051
2460281.488971 0.99966 0.00097 1.0284 -5.06 -1.33 18.99 44097
2460281.48911 1.00046 0.00097 1.0283 -2.08 0.88 19.21 43440
2460281.489248 1.00086 0.00097 1.0281 -0.34 -0.51 18.68 52550
2460281.489386 1.0005 0.00097 1.028 -0.37 -0.41 18.94 53810
2460281.489525 0.9991 0.00097 1.0278 -1.6 -0.63 19.25 50790
2460281.489663 0.99853 0.00097 1.0276 -1.47 -0.12 19.41 42329
2460281.489802 1.00082 0.00097 1.0275 -4.22 0.14 18.2 56127
2460281.48994 1.00027 0.00097 1.0273 -0.39 2.82 17.78 48868
2460281.490079 1.00054 0.00097 1.0272 -1.12 -0.54 18.28 56308
2460281.490217 1.00046 0.00097 1.027 -1.15 -1.19 18.09 45834
2460281.490356 1.00092 0.00097 1.0269 -0.1 1.22 18.09 50581
2460281.490494 1.00055 0.00097 1.0267 -3.0 0.96 18.46 53395
2460281.490632 1.00036 0.00097 1.0266 -2.35 -0.46 18.58 56277
2460281.490771 1.00239 0.00097 1.0264 -2.47 -0.24 18.95 53883
2460281.490909 1.0005 0.00096 1.0263 -4.08 0.47 18.96 54895
2460281.491048 1.00038 0.00096 1.0261 -2.62 0.61 17.82 52460
2460281.491186 1.00157 0.00097 1.026 -1.89 0.24 18.01 52716
2460281.491324 0.99993 0.00096 1.0258 -0.42 -0.42 18.43 53939
2460281.491463 1.00085 0.00096 1.0257 -2.32 0.47 19.61 45880
2460281.491601 1.00014 0.00096 1.0256 -4.19 -0.53 18.6 50628
2460281.49174 1.0006 0.00096 1.0254 -3.73 0.21 18.18 48122
2460281.491878 1.00031 0.00096 1.0253 -4.71 -0.04 18.6 54172
2460281.492017 1.00095 0.00096 1.0251 -3.37 0.15 18.14 45006
2460281.492155 1.00134 0.00096 1.025 -1.2 1.02 18.03 47978
2460281.492293 1.0007 0.00096 1.0248 2.26 1.29 18.52 49639
2460281.492432 0.99898 0.00096 1.0247 1.07 1.03 17.36 48137
2460281.49257 0.99888 0.00096 1.0246 -1.42 -0.33 18.69 46578
2460281.492709 1.00167 0.00096 1.0244 -2.39 1.05 18.83 45894
2460281.492847 0.99995 0.00096 1.0243 -1.67 1.08 18.94 48381
2460281.492986 1.00169 0.00096 1.0242 -2.67 0.08 18.1 52759
2460281.493124 1.00116 0.00096 1.024 -2.26 -0.66 18.88 46390
2460281.493263 0.99971 0.00096 1.0239 -0.47 2.66 19.01 40226
2460281.493401 1.00008 0.00096 1.0237 -3.6 0.29 18.25 49257
2460281.493539 0.99889 0.00096 1.0236 -3.74 0.61 17.76 53208
2460281.493677 1.00071 0.00096 1.0235 -3.37 -0.37 18.37 47175
2460281.493815 1.00204 0.00096 1.0233 -1.85 -0.77 18.21 44233
2460281.493954 1.00088 0.00096 1.0232 -1.44 0.89 17.72 53859
2460281.494092 0.99982 0.00096 1.0231 -0.63 1.0 18.0 46988
2460281.494231 1.00006 0.00096 1.023 2.45 0.99 17.88 53788
2460281.494369 1.00078 0.00096 1.0228 0.65 -1.34 17.84 53306
2460281.494508 1.00112 0.00096 1.0227 -2.99 1.68 18.08 54553
2460281.494646 1.00263 0.00096 1.0226 -4.17 0.21 17.91 54311
2460281.494785 1.00077 0.00096 1.0224 -4.63 0.26 17.95 47111
2460281.494923 1.00124 0.00096 1.0223 -3.78 0.4 18.22 50563
2460281.495062 1.00052 0.00096 1.0222 -1.1 1.01 18.13 53122
2460281.4952 1.00298 0.00096 1.0221 -1.88 0.71 18.13 50687
2460281.495338 1.00002 0.00096 1.0219 -1.65 -0.62 18.05 48519
2460281.495477 1.00261 0.00096 1.0218 -2.13 -0.66 18.01 50384
2460281.495615 0.99994 0.00096 1.0217 -0.91 0.09 17.74 45850
2460281.495754 1.00109 0.00096 1.0216 -0.91 1.68 17.77 51747
2460281.495892 1.00014 0.00096 1.0214 -0.43 2.0 17.12 52951
2460281.496031 1.00069 0.00096 1.0213 -0.2 -0.33 18.15 44462
2460281.496169 1.00242 0.00096 1.0212 -0.05 0.15 18.25 46479
2460281.496307 1.00099 0.00096 1.0211 -2.22 1.09 18.73 42540
2460281.496446 1.00087 0.00096 1.0209 -5.6 0.3 17.87 42651
2460281.496584 1.00119 0.00096 1.0208 -5.99 -0.31 17.74 44695
2460281.496723 1.00124 0.00096 1.0207 -5.67 -0.51 17.59 50811
2460281.496861 1.00137 0.00096 1.0206 -3.98 0.38 18.12 43621
2460281.497 1.00118 0.00096 1.0205 -1.64 0.63 17.74 49743
2460281.497138 1.00047 0.00096 1.0203 1.15 -0.19 17.94 51127
2460281.497277 1.0008 0.00096 1.0202 0.25 -0.06 17.68 48827
2460281.497415 1.00065 0.00096 1.0201 0.24 0.38 17.53 43571
2460281.497553 1.00196 0.00096 1.02 -1.67 1.55 17.87 46250
2460281.497692 1.00123 0.00096 1.0199 -0.4 0.08 17.76 44087
2460281.49783 1.00109 0.00096 1.0198 1.35 2.2 16.6 56669
2460281.497969 1.00108 0.00096 1.0196 -0.6 0.91 17.5 56507
2460281.498107 1.00046 0.00096 1.0195 -1.87 1.1 17.54 49900
2460281.498245 1.00177 0.00096 1.0194 -1.53 2.09 17.37 51844
2460281.498383 1.00244 0.00096 1.0193 -4.33 0.8 17.21 47975
2460281.498522 1.00247 0.00096 1.0192 -5.92 -1.78 16.11 58939
2460281.49866 1.00108 0.00096 1.0191 -5.21 0.26 17.45 48699
2460281.498799 1.0004 0.00096 1.019 -3.35 1.79 16.85 56543
2460281.498937 1.00206 0.00096 1.0189 -2.17 1.01 17.89 49740
2460281.499075 1.00158 0.00096 1.0188 -1.16 1.34 17.18 56135
2460281.499214 1.00006 0.00096 1.0187 -1.22 0.14 18.06 47194
2460281.499352 1.0006 0.00096 1.0185 -1.9 1.17 17.3 47134
2460281.499491 1.00117 0.00096 1.0185 -2.26 0.62 17.92 46200
2460281.499629 1.00112 0.00096 1.0183 -1.86 0.58 17.98 47321
2460281.499767 1.00139 0.00096 1.0182 -3.14 -1.05 17.02 50527
2460281.499906 1.00114 0.00096 1.0181 -1.69 1.68 17.54 46656
2460281.500044 1.00112 0.00096 1.018 -1.31 0.6 17.5 54164
2460281.500183 1.00058 0.00096 1.0179 -0.76 2.18 17.1 49156
2460281.500321 1.00038 0.00096 1.0178 -1.22 1.24 17.54 46525
2460281.50046 1.00206 0.00096 1.0177 -4.14 0.45 17.8 49888
2460281.500598 1.00335 0.00096 1.0176 -3.98 0.92 17.39 53844
2460281.500737 1.00269 0.00096 1.0175 -5.19 0.72 17.56 52750
2460281.500875 1.00103 0.00096 1.0174 -4.48 0.74 17.19 46794
2460281.501014 1.00158 0.00096 1.0173 -2.46 0.4 16.93 48038
2460281.501152 0.99872 0.00095 1.0172 -1.04 1.15 17.06 50893
2460281.501291 1.00229 0.00096 1.0171 -1.6 1.04 17.56 47317
2460281.501429 1.00015 0.00096 1.017 -2.77 0.34 17.1 52972
2460281.501568 1.0004 0.00096 1.0169 -1.41 -0.68 17.24 49182
2460281.501706 1.00112 0.00096 1.0168 -1.04 1.04 17.04 48997
2460281.501844 1.00041 0.00095 1.0167 -0.08 0.61 17.04 52416
2460281.501983 1.00123 0.00096 1.0167 0.22 0.89 17.26 50178
2460281.502121 1.00078 0.00096 1.0166 -0.18 0.72 16.98 47285
2460281.50226 0.99906 0.00095 1.0165 -2.41 1.47 17.2 41844
2460281.502399 1.00083 0.00095 1.0164 -6.34 2.03 16.59 53705
2460281.502537 1.00017 0.00095 1.0163 -5.7 0.9 16.88 55322
2460281.502676 1.00073 0.00095 1.0162 -7.07 1.91 16.69 48815
2460281.502814 1.00148 0.00095 1.0161 -5.43 0.68 17.03 46093
2460281.502953 1.0005 0.00095 1.016 -0.92 0.34 17.41 44646
2460281.503091 1.0002 0.00095 1.0159 -0.09 -0.07 17.24 47047
2460281.503229 1.00051 0.00095 1.0158 -1.47 1.43 16.68 50881
2460281.503368 1.00065 0.00095 1.0158 -0.07 1.26 16.75 50783
2460281.503506 0.99989 0.00095 1.0157 -0.31 2.18 17.11 47851
2460281.503645 1.00147 0.00095 1.0156 -1.0 1.58 16.41 47403
2460281.503783 1.00034 0.00095 1.0155 -1.2 1.09 16.62 55445
2460281.503922 1.00238 0.00095 1.0154 -0.27 1.55 17.51 47620
2460281.50406 1.00095 0.00095 1.0153 -0.35 0.19 17.32 40350
2460281.504198 1.00304 0.00095 1.0152 -3.44 -0.11 16.84 49597
2460281.504337 1.00261 0.00095 1.0152 -4.23 -0.46 17.11 50898
2460281.504476 1.00077 0.00095 1.0151 -6.6 0.93 16.97 47311
2460281.504614 1.00129 0.00095 1.015 -5.75 0.34 16.89 47999
2460281.504753 1.00084 0.00095 1.0149 -0.95 0.75 17.18 46079
2460281.504891 0.99928 0.00095 1.0148 -0.27 0.2 16.44 51227
2460281.505029 1.00008 0.00095 1.0148 0.75 0.15 16.84 39850
2460281.505168 1.00161 0.00095 1.0147 0.26 -0.5 16.61 50066
2460281.505306 1.00019 0.00095 1.0146 -1.19 0.85 18.11 37629
2460281.505444 0.99997 0.00095 1.0145 -1.02 0.81 17.26 46062
2460281.505582 0.99975 0.00095 1.0144 -1.65 0.94 16.93 44043
2460281.505721 1.00198 0.00095 1.0144 -0.29 1.45 16.73 55030
2460281.505859 1.00033 0.00095 1.0143 -1.49 0.03 17.01 43692
2460281.505998 1.00183 0.00095 1.0142 -0.3 1.85 15.76 50853
2460281.506136 1.00075 0.00095 1.0141 -1.25 1.29 16.5 59173
2460281.506274 0.99986 0.00095 1.0141 -2.47 1.83 16.53 47997
2460281.506413 1.00063 0.00095 1.014 -2.46 0.32 16.51 52455
2460281.506551 1.00013 0.00095 1.0139 -3.67 2.13 15.97 50389
2460281.506689 1.00026 0.00095 1.0138 -2.74 0.72 16.81 41708
2460281.506828 1.00109 0.00095 1.0138 -0.92 -0.47 16.63 50554
2460281.506966 1.00111 0.00095 1.0137 0.07 0.26 17.09 41331
2460281.507104 1.00036 0.00095 1.0136 -1.44 1.11 17.37 35198
2460281.507243 1.00093 0.00095 1.0136 -2.51 0.13 16.8 41622
2460281.507381 1.00234 0.00095 1.0135 -1.86 0.79 16.79 40128
2460281.50752 0.99976 0.00095 1.0134 -2.72 -0.88 17.11 42093
2460281.507658 1.00023 0.00095 1.0134 -0.15 1.55 17.24 36433
2460281.507796 0.99897 0.00095 1.0133 -0.83 2.08 16.64 42369
2460281.507935 0.99926 0.00095 1.0132 1.21 1.51 16.82 48780
2460281.508073 1.00063 0.00095 1.0132 -0.16 1.95 16.34 53362
2460281.508211 0.99934 0.00095 1.0131 -0.32 1.59 15.99 49032
2460281.50835 0.99966 0.00095 1.013 -3.76 2.39 16.19 47596
2460281.508489 1.00078 0.00095 1.013 -3.94 1.21 16.23 37613
2460281.508627 1.00168 0.00095 1.0129 -2.84 0.91 16.15 43426
2460281.508766 0.999 0.00095 1.0128 -2.57 2.5 15.83 47897
2460281.508904 1.0007 0.00095 1.0128 0.48 0.64 16.21 48366
2460281.509043 1.00058 0.00095 1.0127 -3.35 -0.57 16.46 42482
2460281.509181 0.99986 0.00095 1.0127 -4.82 -0.41 16.03 45575
2460281.509319 1.00105 0.00095 1.0126 -4.18 -1.27 16.72 34390
2460281.509458 1.00212 0.00095 1.0125 -2.9 -1.93 15.96 41418
2460281.509596 1.00048 0.00095 1.0125 -1.2 1.52 16.2 42852
2460281.509734 1.00097 0.00095 1.0124 -0.01 1.92 16.4 38689
2460281.509873 1.00081 0.00095 1.0124 5.9 -2.78 17.15 42198
2460281.510011 1.00088 0.00095 1.0123 1.1 -0.03 16.94 39127
2460281.510149 1.00064 0.00095 1.0123 -4.47 2.75 16.58 34108
2460281.510287 0.99995 0.00095 1.0122 -5.25 2.79 16.33 41168
2460281.510426 1.00088 0.00095 1.0122 -3.88 2.24 16.28 42715
2460281.510565 0.99959 0.00095 1.0121 -5.15 1.03 17.14 34125
2460281.510703 1.0009 0.00095 1.012 -0.49 2.5 16.86 36858
2460281.510841 0.99853 0.00094 1.012 -0.15 0.76 16.52 37102
2460281.51098 1.00015 0.00095 1.0119 -1.16 2.03 17.16 33107
2460281.511118 1.0007 0.00095 1.0119 -1.55 1.28 16.8 37913
2460281.511256 1.00066 0.00095 1.0118 -3.64 0.73 15.85 33545
2460281.511395 1.00083 0.00095 1.0118 -1.58 0.93 17.42 28313
2460281.511533 0.99975 0.00095 1.0117 -1.19 0.46 17.32 32555
2460281.511672 1.00059 0.00095 1.0117 -0.31 0.39 17.01 29077
2460281.51181 0.99961 0.00094 1.0117 1.42 0.41 16.92 33273
2460281.511949 0.99921 0.00094 1.0116 -1.77 2.08 16.64 31299
2460281.512087 0.99909 0.00094 1.0116 -1.6 2.47 17.45 27182
2460281.512225 1.00151 0.00095 1.0115 -3.04 1.54 16.62 33199
2460281.512364 1.00002 0.00095 1.0115 -4.38 1.88 16.79 37620
2460281.512502 1.00038 0.00094 1.0114 -3.69 -0.83 17.48 30747
2460281.512641 1.00198 0.00095 1.0114 -0.15 1.7 16.64 36666
2460281.512779 0.99979 0.00094 1.0113 -1.75 -1.15 16.43 38839
2460281.512917 1.00053 0.00095 1.0113 -3.68 -0.4 17.16 32972
2460281.513055 1.00136 0.00095 1.0112 -3.77 -0.22 16.32 34935
2460281.513194 0.99935 0.00094 1.0112 -2.01 0.9 17.06 27251
2460281.513332 1.00003 0.00094 1.0112 -2.82 3.03 16.69 34205
2460281.51347 1.00068 0.00095 1.0111 -2.78 0.88 17.15 30153
2460281.513609 1.00224 0.00095 1.0111 0.78 1.69 16.72 37862
2460281.513747 1.00087 0.00094 1.011 2.39 -0.43 18.24 35579
2460281.513888 1.00016 0.00094 1.011 2.49 0.72 17.27 32710
2460281.514026 0.99826 0.00094 1.011 2.17 0.01 16.87 28785
2460281.514164 1.0008 0.00095 1.0109 0.77 -0.47 18.47 26263
2460281.514303 0.99972 0.00094 1.0109 -0.64 1.46 18.67 22517
2460281.514441 1.0008 0.00094 1.0109 -3.21 1.16 17.14 29095
2460281.51458 1.0025 0.00095 1.0108 -2.53 -0.54 16.7 32093
2460281.514718 0.99996 0.00094 1.0108 -3.47 0.26 17.15 27828
2460281.514856 1.00177 0.00095 1.0108 -4.27 -0.2 16.95 26751
2460281.514995 1.00201 0.00095 1.0107 -3.98 -1.19 18.62 21777
2460281.515133 1.00036 0.00094 1.0107 -4.73 -2.54 18.7 21767
2460281.515271 1.00016 0.00094 1.0107 -3.81 1.13 17.28 23879
2460281.51541 1.00035 0.00094 1.0106 -4.09 -0.85 18.63 21828
2460281.515548 0.99945 0.00094 1.0106 1.22 1.15 17.73 24771
2460281.515686 0.99977 0.00094 1.0106 2.0 -1.34 18.47 24033
2460281.515825 0.99924 0.00094 1.0105 5.68 1.71 17.63 27476
2460281.515963 0.99936 0.00094 1.0105 5.27 0.61 18.16 26571
2460281.516102 0.99977 0.00094 1.0105 1.5 0.08 20.54 18964
2460281.51624 1.00044 0.00094 1.0105 -1.3 -0.82 18.39 24137
2460281.516378 1.00102 0.00094 1.0104 -2.47 -1.43 17.92 23990
2460281.516517 1.00018 0.00094 1.0104 -1.61 -3.43 17.67 22824
2460281.516655 1.00176 0.00094 1.0104 -2.93 0.65 16.98 30426
2460281.516794 1.00053 0.00094 1.0104 -2.92 1.17 18.35 22809
2460281.516932 0.9999 0.00094 1.0103 -3.61 0.37 17.69 26463
2460281.51707 1.00019 0.00094 1.0103 -4.83 -0.76 17.69 26599
2460281.517209 1.00147 0.00094 1.0103 -1.93 -2.39 17.73 23757
2460281.517347 1.00101 0.00094 1.0103 -0.84 -0.51 18.0 22133
2460281.517485 1.00087 0.00094 1.0102 0.16 2.0 17.98 27351
2460281.517623 0.99803 0.00094 1.0102 3.75 3.35 16.95 28272
2460281.517761 0.99787 0.00094 1.0102 5.12 1.31 18.38 22722
2460281.5179 1.00067 0.00094 1.0102 2.33 1.79 18.78 22268
2460281.518038 0.99897 0.00094 1.0102 -0.49 3.3 17.78 24500
2460281.518176 1.00093 0.00094 1.0101 -3.01 1.07 17.34 28159
2460281.518315 1.0003 0.00094 1.0101 -2.21 0.49 18.23 23813
2460281.518453 0.99943 0.00094 1.0101 -2.47 1.47 17.26 28372
2460281.518591 0.99958 0.00094 1.0101 -1.82 2.21 17.0 30217
2460281.51873 1.00055 0.00094 1.0101 -4.16 1.15 16.91 32925
2460281.518868 0.99987 0.00094 1.0101 -3.93 1.55 18.21 24328
2460281.519006 0.99973 0.00094 1.01 -6.49 0.76 17.33 30212
2460281.519145 0.99959 0.00094 1.01 -1.39 1.86 17.69 25804
2460281.519283 1.00027 0.00094 1.01 -1.36 0.89 18.13 26682
2460281.519422 1.00043 0.00094 1.01 1.02 -0.67 18.05 25571
2460281.51956 0.99955 0.00094 1.01 2.99 -2.09 17.74 25732
2460281.519698 0.99781 0.00094 1.01 3.27 0.46 18.03 24051
2460281.519837 1.00117 0.00094 1.01 1.33 -0.83 17.37 29080
2460281.519975 0.99997 0.00094 1.01 2.08 0.45 17.55 27081
2460281.520113 0.9997 0.00094 1.01 0.83 -0.1 18.22 24218
2460281.520252 1.00091 0.00094 1.0099 -0.58 0.24 17.68 26448
2460281.52039 1.00096 0.00094 1.0099 -0.78 -0.31 17.34 29490
2460281.520529 1.0005 0.00094 1.0099 -0.62 -0.67 17.79 28410
2460281.520667 1.00095 0.00094 1.0099 -2.95 -2.39 19.03 20943
2460281.520805 1.0005 0.00094 1.0099 -4.08 -1.81 18.15 22968
2460281.520944 0.99933 0.00094 1.0099 -2.93 -1.01 18.53 21618
2460281.521082 0.99877 0.00094 1.0099 -0.01 1.65 17.56 34489
2460281.52122 1.00114 0.00094 1.0099 -0.51 1.66 17.85 33570
2460281.521359 0.99911 0.00094 1.0099 0.86 1.74 17.21 36850
2460281.521497 0.99782 0.00094 1.0099 2.96 0.15 17.31 37089
2460281.521774 0.99876 0.00094 1.0099 4.75 0.98 16.71 36564
2460281.521912 0.99819 0.00094 1.0099 5.48 0.15 17.26 34971
2460281.522051 1.00057 0.00094 1.0099 5.43 -1.74 17.79 24484
2460281.522189 1.00091 0.00094 1.0099 -2.18 0.85 17.66 31837
2460281.522328 0.99921 0.00094 1.0099 -3.49 1.13 16.85 30731
2460281.522466 1.00056 0.00094 1.0099 -4.0 1.04 16.85 34591
2460281.522604 0.99997 0.00094 1.0099 -7.16 0.07 17.52 27474
2460281.522743 0.99996 0.00094 1.0099 -3.44 1.31 18.04 28975
2460281.522881 1.00011 0.00094 1.0099 -2.99 -2.48 18.28 22631
2460281.52302 1.00107 0.00094 1.0099 -2.65 -1.67 18.5 23138
2460281.523158 1.00173 0.00094 1.0099 -3.14 -0.21 17.53 34929
2460281.523297 1.00051 0.00094 1.0099 -0.2 -0.49 16.71 30959
2460281.523435 0.99883 0.00094 1.0099 3.71 0.63 17.17 34106
2460281.523574 0.99774 0.00094 1.0099 8.1 0.16 16.6 41255
2460281.523712 1.00004 0.00094 1.0099 8.87 -1.09 16.13 41303
2460281.52385 1.00094 0.00094 1.0099 9.43 -0.98 18.38 37327
2460281.523989 0.99727 0.00094 1.0099 -0.07 0.48 18.1 39683
2460281.524127 1.00052 0.00094 1.01 -2.07 -2.1 18.8 37758
2460281.524266 1.00055 0.00094 1.01 -1.73 -2.62 18.74 35807
2460281.524404 1.003 0.00095 1.01 -6.39 -0.12 17.45 31819
2460281.524543 0.99928 0.00094 1.01 -2.29 -0.85 17.25 33346
2460281.524681 1.00035 0.00094 1.01 -2.39 -0.22 16.68 42554
2460281.52482 0.99915 0.00094 1.01 -1.46 0.98 17.86 31812
2460281.524958 0.99871 0.00094 1.01 2.95 -0.44 17.59 36056
2460281.525097 0.99931 0.00094 1.01 5.2 -1.58 19.86 36628
2460281.525235 0.99877 0.00094 1.0101 6.18 1.27 16.8 38332
2460281.525373 0.99978 0.00094 1.0101 9.2 0.77 16.68 36695
2460281.525511 0.99798 0.00094 1.0101 12.43 -0.86 17.86 47698
2460281.52565 0.99893 0.00094 1.0101 11.84 0.42 16.55 37900
2460281.525788 1.00387 0.00095 1.0101 -3.27 0.49 24.74 39028
2460281.525926 1.00184 0.00094 1.0101 -7.86 1.08 17.71 36856
2460281.526065 1.00223 0.00094 1.0102 -12.24 -0.51 16.74 39242
2460281.526203 1.00156 0.00094 1.0102 -14.51 -0.0 16.25 43830
2460281.526342 0.99971 0.00094 1.0102 -6.51 0.75 20.63 34078
2460281.52648 1.00083 0.00094 1.0102 -3.55 -0.18 16.21 49455
2460281.526618 0.99789 0.00094 1.0102 -3.29 -0.3 16.56 43800
2460281.526757 1.0014 0.00094 1.0103 0.02 -1.51 18.09 40825
2460281.526895 1.00033 0.00094 1.0103 3.23 -0.58 18.32 41761
2460281.527034 0.99833 0.00094 1.0103 7.56 -1.06 18.23 38762
2460281.527172 0.99961 0.00094 1.0103 8.44 -2.18 17.03 41306
2460281.52731 0.99941 0.00094 1.0103 12.76 -2.17 17.64 40217
2460281.527449 0.9991 0.00094 1.0104 14.55 -0.56 16.91 47663
2460281.527587 0.99956 0.00094 1.0104 -5.5 1.8 16.89 47137
2460281.527725 1.00006 0.00094 1.0104 -1.96 0.39 16.51 38528
2460281.527864 1.00055 0.00094 1.0104 -8.34 -0.6 16.99 34908
2460281.528002 1.00045 0.00094 1.0105 -11.17 -2.54 17.98 42611
2460281.528141 1.0001 0.00094 1.0105 -6.06 0.53 19.16 41899
2460281.528279 1.00228 0.00094 1.0105 -0.1 -3.49 18.22 48204
2460281.528418 1.0002 0.00094 1.0106 -3.95 -1.13 16.32 49591
2460281.528556 0.99985 0.00094 1.0106 -4.21 -0.25 16.24 51593
2460281.528694 1.0009 0.00094 1.0106 -1.34 0.15 17.6 41154
2460281.528833 0.99992 0.00094 1.0106 5.46 -2.81 18.51 42991
2460281.528971 0.99998 0.00094 1.0107 4.48 0.04 16.67 46935
2460281.529109 0.99865 0.00094 1.0107 5.48 -0.36 17.36 55932
2460281.529247 0.99902 0.00094 1.0107 6.88 -0.98 17.3 51486
2460281.529385 0.9995 0.00094 1.0108 0.22 0.24 16.17 52817
2460281.529523 0.99994 0.00094 1.0108 -0.67 0.19 16.56 40722
2460281.529662 1.00083 0.00094 1.0108 -2.3 -1.31 18.59 44268
2460281.5298 0.99928 0.00094 1.0109 -7.74 0.47 17.18 38268
2460281.529938 0.99957 0.00094 1.0109 -4.88 -0.24 18.41 40376
2460281.530077 1.00058 0.00094 1.011 -3.85 -0.38 16.24 48474
2460281.530215 1.00005 0.00094 1.011 -3.36 1.3 16.65 46003
2460281.530354 1.00049 0.00094 1.011 -0.62 -0.26 16.29 50193
2460281.530492 0.99824 0.00094 1.0111 0.4 -0.85 17.2 50430
2460281.53063 1.00073 0.00094 1.0111 3.15 -2.23 18.26 45601
2460281.530769 0.99937 0.00094 1.0111 3.63 -0.58 17.5 43524
2460281.530907 0.99896 0.00094 1.0112 5.29 -1.0 17.63 48348
2460281.531045 0.99855 0.00094 1.0112 7.86 -0.69 17.53 48874
2460281.531184 1.00058 0.00094 1.0113 0.62 -0.49 16.34 43185
2460281.531322 1.00094 0.00094 1.0113 1.19 -1.24 17.75 48538
2460281.53146 1.00116 0.00094 1.0114 0.41 -0.96 17.25 40542
2460281.531599 0.99999 0.00094 1.0114 -2.63 -2.08 16.73 46079
2460281.531737 1.00106 0.00094 1.0114 -3.44 0.86 16.6 44462
2460281.531876 1.00171 0.00094 1.0115 -5.18 0.14 16.6 43937
2460281.532014 1.00064 0.00094 1.0115 -5.39 0.44 16.26 53252
2460281.532152 1.00096 0.00094 1.0116 -3.41 0.09 16.32 44587
2460281.532291 0.9998 0.00094 1.0116 -1.1 2.09 17.12 36074
2460281.532429 0.99882 0.00094 1.0117 5.65 -2.45 18.02 51946
2460281.532568 1.00058 0.00094 1.0117 1.25 -0.89 16.58 51549
2460281.532706 0.9994 0.00094 1.0118 4.25 -0.1 16.98 50490
2460281.532844 0.9993 0.00094 1.0118 3.75 0.54 16.05 51128
2460281.532983 0.9993 0.00094 1.0119 0.55 1.13 17.69 50355
2460281.533121 0.99894 0.00094 1.0119 1.08 -0.46 16.65 54614
2460281.533259 1.00042 0.00094 1.012 2.08 -0.45 16.32 50352
2460281.533398 1.00006 0.00094 1.012 1.98 -0.99 16.56 51325
2460281.533537 0.99956 0.00094 1.0121 -0.53 0.35 18.25 36387
2460281.533675 0.99839 0.00094 1.0121 -2.67 1.13 16.73 46474
2460281.533813 0.99916 0.00094 1.0122 -3.36 0.3 17.49 45131
2460281.533952 1.00103 0.00094 1.0122 -3.98 0.83 16.28 46312
2460281.534091 1.00069 0.00094 1.0123 -1.92 -1.89 16.63 44728
2460281.534229 1.00001 0.00094 1.0124 5.47 -1.16 17.93 51040
2460281.534367 0.99986 0.00094 1.0124 2.14 -0.09 16.45 46193
2460281.534506 0.99851 0.00094 1.0125 2.43 -0.54 17.18 45031
2460281.534644 0.99873 0.00094 1.0125 2.04 -1.31 16.75 45628
2460281.534783 0.9999 0.00094 1.0126 1.17 0.24 16.36 47833
2460281.534921 1.00085 0.00094 1.0126 -0.87 -0.94 16.77 42275
2460281.535059 1.00129 0.00094 1.0127 2.67 -0.3 17.35 45280
2460281.535198 0.99943 0.00094 1.0128 3.1 1.17 16.88 45347
2460281.535336 1.00002 0.00094 1.0128 2.16 -1.37 16.7 43308
2460281.535474 1.00015 0.00094 1.0129 0.27 -2.41 17.31 41805
2460281.535613 1.00021 0.00095 1.013 -0.74 -1.44 16.25 43873
2460281.535751 1.00106 0.00095 1.013 0.95 -2.09 18.17 50323
2460281.53589 1.00147 0.00095 1.0131 -1.34 -2.65 17.47 44809
2460281.536028 1.00001 0.00094 1.0131 -0.25 0.41 16.96 50593
2460281.536167 0.99885 0.00094 1.0132 4.35 -0.71 16.94 51166
2460281.536444 1.00066 0.00094 1.0133 3.25 -1.56 17.84 49142
2460281.536582 0.99888 0.00094 1.0134 1.9 -1.88 18.42 45235
2460281.53672 1.00042 0.00094 1.0135 0.72 -1.81 15.97 50561
2460281.536858 0.99957 0.00094 1.0135 0.86 1.36 16.23 52904
2460281.536997 1.00113 0.00095 1.0136 1.24 -0.47 17.65 46883
2460281.537135 0.99907 0.00094 1.0137 2.96 1.21 17.43 46631
2460281.537274 0.99946 0.00094 1.0137 2.35 0.53 16.36 51749
2460281.537412 0.99909 0.00094 1.0138 3.04 0.31 16.55 48545
2460281.53755 1.0004 0.00094 1.0139 3.28 -1.46 17.59 56209
2460281.537689 1.00027 0.00094 1.014 1.12 -0.42 17.8 48823
2460281.537827 1.00029 0.00095 1.014 -0.67 -0.4 16.91 47998
2460281.537966 0.99891 0.00094 1.0141 0.38 1.15 16.26 43751
2460281.538104 1.00052 0.00095 1.0142 1.38 -0.53 16.84 48847
2460281.538242 0.99963 0.00094 1.0143 1.79 -2.59 16.98 52738
2460281.538381 0.99953 0.00094 1.0143 0.98 -0.27 16.89 46903
2460281.538519 0.99926 0.00094 1.0144 -0.21 1.08 16.65 49554
2460281.538657 0.99951 0.00094 1.0145 -0.04 -0.14 16.82 53347
2460281.538796 1.00046 0.00095 1.0146 4.0 1.41 17.11 52249
2460281.538934 0.99969 0.00095 1.0146 0.98 -0.36 16.98 41998
2460281.539072 0.9988 0.00094 1.0147 3.44 0.05 16.89 54732
2460281.539211 0.99827 0.00094 1.0148 6.3 0.21 16.22 52826
2460281.539349 1.00023 0.00094 1.0149 3.75 0.46 16.85 52663
2460281.539487 1.0004 0.00095 1.015 5.05 -0.5 16.9 48324
2460281.539626 1.00042 0.00095 1.015 0.04 0.57 16.6 49460
2460281.539764 0.99916 0.00094 1.0151 -1.9 -0.34 16.53 51768
2460281.539903 1.00022 0.00095 1.0152 1.38 2.23 17.05 53598
2460281.540041 1.00098 0.00095 1.0153 -2.05 -2.26 17.02 50359
2460281.540179 0.99976 0.00095 1.0154 -0.83 1.3 17.37 48464
2460281.540318 1.00127 0.00095 1.0155 -3.9 0.81 17.15 44532
2460281.540456 1.00063 0.00095 1.0155 -4.18 -0.97 17.55 45621
2460281.540595 1.0008 0.00095 1.0156 -5.15 -0.84 16.63 54339
2460281.540733 0.99976 0.00095 1.0157 -2.59 -1.4 18.96 39647
2460281.540871 0.99836 0.00094 1.0158 1.54 1.56 16.83 53126
2460281.54101 0.99715 0.00094 1.0159 4.74 -0.39 16.68 43297
2460281.541148 0.9991 0.00095 1.016 6.86 1.35 16.81 40382
2460281.541286 0.99716 0.00094 1.0161 7.45 0.08 17.06 52937
2460281.541424 1.00027 0.00095 1.0162 2.04 -2.01 17.12 48388
2460281.541562 0.99913 0.00095 1.0162 -0.19 0.1 16.65 49003
2460281.541701 0.99949 0.00095 1.0163 -0.39 0.02 17.37 47753
2460281.541839 0.99985 0.00095 1.0164 0.63 -2.69 17.47 48395
2460281.541977 0.99919 0.00095 1.0165 -2.27 -1.01 16.53 47129
2460281.542116 1.00111 0.00095 1.0166 -0.69 -0.13 16.4 50130
2460281.542254 1.00037 0.00095 1.0167 -1.75 0.8 16.73 48448
2460281.542392 1.00043 0.00095 1.0168 -6.62 -0.34 16.72 48012
2460281.542531 0.99996 0.00095 1.0169 -1.47 -0.94 19.41 37275
2460281.542669 1.00138 0.00095 1.017 0.99 0.23 16.69 47817
2460281.542808 0.99946 0.00095 1.0171 3.9 -1.35 16.65 45729
2460281.542946 0.99966 0.00095 1.0172 2.83 0.01 17.96 41664
2460281.543084 0.99961 0.00095 1.0173 6.21 -1.72 17.61 45048
2460281.543223 1.00033 0.00095 1.0174 3.54 -0.23 17.04 50051
2460281.543361 1.0006 0.00095 1.0175 1.64 -0.0 16.27 45548
2460281.5435 1.00149 0.00095 1.0176 2.12 -1.58 18.1 44773
2460281.543638 0.99969 0.00095 1.0177 -0.49 -0.89 16.38 48561
2460281.543776 1.00042 0.00095 1.0178 -0.59 -0.09 17.0 44543
2460281.543915 1.00004 0.00095 1.0179 4.83 -4.48 18.76 43252
2460281.544053 0.99895 0.00095 1.018 -1.31 -2.01 17.3 47484
2460281.544192 0.99975 0.00095 1.0181 -0.81 -1.71 17.0 42848
2460281.54433 1.00137 0.00095 1.0182 -2.14 -0.8 17.26 42089
2460281.544469 0.99964 0.00095 1.0183 -1.71 -1.78 16.9 50302
2460281.544607 0.99957 0.00095 1.0184 0.2 -0.01 17.86 50140
2460281.544746 0.99974 0.00095 1.0185 -0.78 -1.74 16.89 43563
2460281.544884 1.00022 0.00095 1.0186 2.52 -1.99 18.61 41125
2460281.545022 0.99791 0.00095 1.0187 4.5 -0.47 17.17 39928
2460281.545161 0.99845 0.00095 1.0188 5.44 -0.59 17.22 47531
2460281.545299 0.99841 0.00095 1.0189 7.32 -0.75 17.58 48835
2460281.545437 0.99784 0.00095 1.0191 6.18 -1.29 18.22 47641
2460281.545576 0.9998 0.00095 1.0192 1.74 -1.06 16.9 38081
2460281.545714 1.00014 0.00095 1.0193 -0.37 -0.23 17.0 49467
2460281.545852 1.00044 0.00095 1.0194 2.42 -0.25 17.74 44594
2460281.545991 1.00009 0.00095 1.0195 1.74 -0.14 17.02 47050
2460281.546129 1.00038 0.00095 1.0196 2.95 -1.23 18.42 40319
2460281.546268 1.0003 0.00095 1.0197 -0.52 0.18 16.81 47440
2460281.546406 0.99935 0.00095 1.0198 -1.21 0.8 17.12 47926
2460281.546545 0.99991 0.00095 1.0199 0.14 0.23 16.49 45657
2460281.546683 1.00005 0.00095 1.0201 1.34 1.11 18.07 45763
2460281.546822 1.00101 0.00095 1.0202 3.81 -2.83 18.06 45919
2460281.54696 0.99889 0.00095 1.0203 3.26 0.34 17.6 48277
2460281.547098 0.99827 0.00095 1.0204 3.61 -0.78 16.96 47972
2460281.547237 1.00092 0.00095 1.0205 6.77 -3.92 18.92 37090
2460281.547375 0.99854 0.00095 1.0206 -1.74 0.24 18.05 31818
2460281.547513 0.99963 0.00095 1.0208 -3.28 -0.3 17.12 45279
2460281.547652 1.00148 0.00095 1.0209 -2.9 -0.5 17.33 41714
2460281.54779 0.99928 0.00095 1.021 -0.21 1.01 17.99 46943
2460281.547928 1.00072 0.00095 1.0211 0.38 0.88 18.44 40646
2460281.548067 0.99899 0.00095 1.0213 1.28 1.98 17.45 45614
2460281.548205 0.99929 0.00095 1.0214 0.79 -1.2 17.67 45712
2460281.548344 0.99976 0.00095 1.0215 1.68 0.07 17.62 45468
2460281.548482 0.99983 0.00095 1.0216 2.63 1.47 17.18 42839
2460281.54862 1.00038 0.00095 1.0217 2.35 -0.89 18.08 37895
2460281.548759 1.00001 0.00095 1.0219 1.3 0.87 17.69 48514
2460281.548897 1.00032 0.00095 1.022 2.76 -0.27 17.12 40437
2460281.549035 0.99845 0.00095 1.0221 4.15 -0.59 17.27 41717
2460281.549174 0.99913 0.00095 1.0222 -0.53 0.51 17.71 33776
2460281.549312 0.99969 0.00095 1.0224 -3.22 -0.42 18.49 32782
2460281.54945 1.00026 0.00095 1.0225 -4.69 -2.03 19.18 36565
2460281.549589 1.00143 0.00095 1.0226 -4.14 2.21 18.21 39367
2460281.549727 0.99915 0.00095 1.0228 -3.61 0.73 17.33 32769
2460281.549865 1.00054 0.00095 1.0229 2.2 -2.41 17.51 39213
2460281.550004 0.99956 0.00095 1.023 2.5 -0.93 17.62 41530
2460281.550142 0.99915 0.00095 1.0232 1.66 0.4 17.74 40736
2460281.550281 1.00074 0.00095 1.0233 1.98 -0.02 18.18 33496
2460281.550419 1.00115 0.00095 1.0234 1.52 -0.17 19.23 37784
2460281.550558 0.99935 0.00095 1.0236 3.66 -1.43 18.79 40808
2460281.550696 0.99886 0.00095 1.0237 3.19 -0.36 18.48 35417
2460281.550835 0.99926 0.00095 1.0238 4.5 0.54 18.38 30756
2460281.550973 1.00021 0.00096 1.024 1.14 -0.48 18.27 29043
2460281.551111 1.00103 0.00096 1.0241 0.6 -1.75 19.06 34971
2460281.55125 1.00155 0.00096 1.0242 -4.27 -0.63 17.97 38359
2460281.551388 1.00244 0.00096 1.0244 -3.42 -1.37 18.34 33316
2460281.551527 1.00177 0.00096 1.0245 -2.44 -1.79 17.58 29621
2460281.551665 1.00089 0.00096 1.0247 1.78 -0.57 18.45 35375
2460281.551804 0.9994 0.00095 1.0248 2.16 -1.17 18.03 39520
2460281.551942 0.99995 0.00095 1.0249 3.47 -1.47 17.79 36718
2460281.552081 0.99955 0.00095 1.0251 0.65 -0.66 17.98 40378
2460281.552219 1.00108 0.00096 1.0252 1.27 1.24 18.1 31526
2460281.552357 0.9983 0.00095 1.0254 3.78 1.11 18.33 39158
2460281.552496 1.00053 0.00095 1.0255 2.81 -0.39 18.25 35953
2460281.552634 0.99991 0.00095 1.0257 2.55 -0.82 17.96 32199
2460281.552772 1.00149 0.00096 1.0258 2.77 1.71 19.41 34674
2460281.552911 1.00072 0.00096 1.0259 2.18 -0.14 18.18 33840
2460281.553049 0.99857 0.00095 1.0261 2.55 -0.88 18.5 35571
2460281.553188 1.00118 0.00096 1.0262 -1.01 -1.62 20.29 29156
2460281.553325 1.00101 0.00096 1.0264 -1.29 -2.25 18.12 30246
2460281.553464 1.00104 0.00096 1.0265 5.71 -1.08 19.4 35470
2460281.553602 0.99926 0.00096 1.0267 1.87 -0.23 19.19 41450
2460281.553741 1.00102 0.00096 1.0268 2.68 -0.26 18.54 34018
2460281.553879 1.00009 0.00096 1.027 3.81 -1.17 20.05 36848
2460281.554017 0.99914 0.00096 1.0271 -1.35 0.16 18.92 36018
2460281.554155 1.00164 0.00096 1.0273 0.69 -1.54 18.86 35575
2460281.554294 1.00045 0.00096 1.0274 2.19 -1.45 18.41 35630
2460281.554432 0.99975 0.00096 1.0276 4.7 -0.91 18.23 39707
2460281.554571 0.99846 0.00096 1.0277 3.83 -2.21 18.27 34392
2460281.554709 1.00266 0.00096 1.0279 1.22 -1.05 18.18 34114
2460281.554847 1.00144 0.00096 1.0281 4.0 -2.59 18.56 33258
2460281.554986 1.00026 0.00096 1.0282 1.56 -0.74 18.94 32797
2460281.555124 0.9988 0.00096 1.0284 1.65 -0.67 18.63 33962
2460281.555262 1.00075 0.00096 1.0285 -1.53 2.28 18.21 32788
2460281.555401 1.00093 0.00096 1.0287 -1.84 -0.47 18.8 29692
2460281.555539 1.00182 0.00096 1.0288 0.5 -2.06 18.19 35540
2460281.555678 0.9985 0.00096 1.029 1.25 -0.54 19.33 36102
2460281.555816 1.00107 0.00096 1.0292 2.97 -2.7 18.77 40301
2460281.555954 1.00141 0.00096 1.0293 0.36 -1.8 18.32 43988
2460281.556093 1.00137 0.00096 1.0295 1.46 -2.02 17.44 39696
2460281.556231 0.99828 0.00096 1.0296 2.24 -2.07 18.78 33358
2460281.55637 0.99873 0.00096 1.0298 2.36 0.7 18.77 35318
2460281.556508 1.00084 0.00096 1.03 4.94 1.03 19.01 36327
2460281.556647 1.00042 0.00096 1.0301 3.91 -2.33 18.06 35467
2460281.556785 0.99824 0.00096 1.0303 6.0 -1.27 19.86 37376
2460281.556924 0.99921 0.00096 1.0305 3.13 -2.0 19.32 31390
2460281.557062 0.99996 0.00096 1.0306 3.41 0.06 19.74 35471
2460281.5572 1.00129 0.00096 1.0308 -3.56 -1.97 19.21 36554
2460281.557339 0.99954 0.00096 1.031 -3.1 1.0 18.45 35765
2460281.557477 1.00233 0.00096 1.0311 -0.57 -0.97 19.01 29912
2460281.557616 1.00221 0.00096 1.0313 1.71 -0.41 19.4 32015
2460281.557754 0.99972 0.00096 1.0315 2.53 0.03 18.72 36467
2460281.557892 1.0006 0.00096 1.0316 3.27 -1.14 18.55 33048
2460281.558031 0.99984 0.00096 1.0318 4.34 -2.13 18.04 34332
2460281.558169 0.99966 0.00096 1.032 3.24 -2.38 18.96 41833
2460281.558308 1.00143 0.00096 1.0322 2.76 -0.54 18.17 33288
2460281.558446 1.00001 0.00096 1.0323 4.92 -1.79 18.78 33746
2460281.558584 1.00069 0.00096 1.0325 4.69 -0.29 19.03 30689
2460281.558723 0.99835 0.00096 1.0327 5.83 -1.41 19.65 27751
2460281.558861 1.00137 0.00096 1.0329 1.99 1.45 18.61 32810
2460281.559 1.00011 0.00096 1.033 1.97 0.83 18.61 29364
2460281.559138 0.99938 0.00096 1.0332 0.15 -0.65 18.99 29969
2460281.559276 0.99986 0.00096 1.0334 -0.92 -0.8 19.12 33373
2460281.559415 1.00186 0.00096 1.0336 3.44 0.22 18.82 30589
2460281.559553 0.99945 0.00096 1.0337 2.19 -1.6 18.85 36901
2460281.559691 1.00097 0.00096 1.0339 4.43 -0.17 19.27 38001
2460281.55983 1.00055 0.00096 1.0341 3.96 0.69 18.77 33312
2460281.559968 1.00147 0.00096 1.0343 1.91 -0.72 18.94 30376
2460281.560107 0.99946 0.00096 1.0345 1.95 -0.93 18.77 34184
2460281.560245 0.99928 0.00096 1.0347 3.19 0.17 20.71 37217
2460281.560383 1.00026 0.00096 1.0348 3.21 -0.07 18.86 33003
2460281.560522 1.00085 0.00096 1.035 2.29 -1.17 19.07 29766
2460281.56066 0.99941 0.00096 1.0352 1.6 0.0 19.06 29663
2460281.560799 1.00067 0.00096 1.0354 4.64 0.19 19.02 34009
2460281.560937 0.99939 0.00096 1.0356 4.11 -1.23 20.43 29527
2460281.561075 0.99965 0.00096 1.0358 -0.03 -0.97 18.87 33131
2460281.561214 1.00036 0.00096 1.0359 0.91 0.96 20.1 31326
2460281.561352 1.00072 0.00097 1.0361 2.28 -0.83 19.56 30604
2460281.56149 0.99837 0.00096 1.0363 2.42 0.94 18.99 31280
2460281.561629 1.00089 0.00097 1.0365 2.98 0.43 19.02 29924
2460281.561767 0.99987 0.00096 1.0367 0.62 -1.92 19.04 29825
2460281.561906 1.00091 0.00097 1.0369 -0.18 1.36 19.3 32709
2460281.562044 1.00329 0.00097 1.0371 0.98 -2.6 18.99 34001
2460281.562182 0.99912 0.00096 1.0373 1.15 -1.81 19.21 31492
2460281.56232 1.00088 0.00097 1.0375 1.72 -2.6 19.4 31415
2460281.562459 0.99768 0.00096 1.0377 2.51 -0.2 19.61 29103
2460281.562597 0.99875 0.00096 1.0379 2.9 -0.65 19.12 30879
2460281.562736 0.99941 0.00097 1.0381 4.07 -1.65 19.49 30568
2460281.562874 0.99863 0.00097 1.0383 3.81 -0.06 19.48 31923
2460281.563013 0.99874 0.00096 1.0385 0.77 -0.65 20.21 33347
2460281.563151 0.99895 0.00097 1.0387 -0.43 -3.01 19.81 32270
2460281.56329 1.00031 0.00097 1.0388 0.59 -1.39 19.62 29789
2460281.563428 1.00097 0.00097 1.039 3.01 -0.86 18.89 31827
2460281.563566 1.00104 0.00097 1.0392 1.91 -1.11 19.59 29354
2460281.563705 1.00013 0.00097 1.0395 2.19 -1.64 19.32 32089
2460281.563843 1.00024 0.00097 1.0397 0.17 -0.08 19.42 29486
2460281.563982 1.00224 0.00097 1.0399 -0.12 -3.08 19.09 32848
2460281.56412 1.00058 0.00097 1.0401 0.24 -0.85 18.97 30223
2460281.564258 1.00011 0.00097 1.0403 2.4 -1.86 19.63 31425
2460281.564397 0.99845 0.00097 1.0405 2.06 -1.77 19.93 28206
2460281.564535 1.00073 0.00097 1.0407 5.12 -1.18 19.35 28760
2460281.564673 0.99894 0.00097 1.0409 3.3 -1.51 20.12 32511
2460281.564811 1.00102 0.00097 1.0411 1.01 -1.06 19.67 27052
2460281.56495 0.99941 0.00097 1.0413 -0.47 -1.13 19.51 31319
2460281.565088 1.00014 0.00097 1.0415 -2.96 -1.16 19.89 34766
2460281.565226 1.00167 0.00097 1.0417 -3.87 1.24 19.75 31496
2460281.565364 1.00072 0.00097 1.0419 1.69 -0.94 20.12 26008
2460281.565502 1.00022 0.00097 1.0421 -0.22 -1.37 19.62 31958
2460281.56564 1.00006 0.00097 1.0423 -0.48 -1.88 20.2 30181
2460281.565779 1.00169 0.00097 1.0426 1.2 -1.0 19.36 33472
2460281.565917 1.00031 0.00097 1.0428 0.71 -0.07 19.31 30204
2460281.566056 1.00026 0.00097 1.043 2.98 -2.34 19.72 30035
2460281.566194 0.9998 0.00097 1.0432 3.56 -1.49 19.94 32810
2460281.566332 0.99893 0.00097 1.0434 2.87 -2.07 19.75 33049
2460281.566471 0.99995 0.00097 1.0436 3.01 -3.71 19.67 30366
2460281.566609 0.99899 0.00097 1.0438 4.57 1.03 19.62 26798
2460281.566747 1.00005 0.00097 1.0441 4.43 -0.6 19.38 35151
2460281.566886 0.99944 0.00097 1.0443 1.98 0.75 19.73 31783
2460281.567024 0.99996 0.00097 1.0445 -0.46 0.31 19.91 28768
2460281.567162 1.00049 0.00097 1.0447 0.39 -3.03 20.61 26145
2460281.567301 0.99938 0.00097 1.0449 5.03 -1.47 19.8 29343
2460281.567439 0.99934 0.00097 1.0452 4.03 0.05 19.36 29578
2460281.567577 1.00012 0.00097 1.0454 5.04 -3.04 19.93 29724
2460281.567716 1.00112 0.00097 1.0456 3.69 -1.97 19.92 32525
2460281.567854 1.00013 0.00097 1.0458 0.15 0.52 19.97 31300
2460281.567993 0.99843 0.00097 1.046 3.13 -2.1 20.04 28584
2460281.568131 1.00065 0.00097 1.0463 4.66 -1.43 20.21 31594
2460281.568269 1.00093 0.00097 1.0465 3.87 1.31 19.84 26888
2460281.568408 0.9996 0.00097 1.0467 2.61 -1.16 20.17 29530
2460281.568546 1.00148 0.00097 1.0469 2.37 0.26 20.15 36734
2460281.568685 1.00061 0.00097 1.0472 4.47 -2.01 20.29 27395
2460281.568823 0.99872 0.00097 1.0474 3.07 -0.47 19.76 27313
2460281.568962 1.0002 0.00097 1.0476 0.76 -2.32 20.35 27631
2460281.5691 0.99872 0.00097 1.0479 1.9 0.13 19.75 27744
2460281.569238 0.99944 0.00097 1.0481 3.76 0.91 21.36 26452
2460281.569377 1.00007 0.00097 1.0483 3.21 2.66 20.4 30172
2460281.569515 0.9995 0.00097 1.0486 1.96 -0.58 20.48 28766
2460281.569654 0.99983 0.00097 1.0488 2.89 -2.16 19.93 32124
2460281.569792 0.99867 0.00097 1.049 1.2 -1.79 20.82 27058
2460281.569931 1.00158 0.00098 1.0493 2.45 1.86 19.27 31268
2460281.570069 1.00002 0.00097 1.0495 3.41 -3.16 19.49 30464
2460281.570207 1.0008 0.00098 1.0497 4.86 -1.94 19.75 30238
2460281.570346 1.00124 0.00098 1.05 3.99 -2.82 20.4 29091
2460281.570484 0.99908 0.00097 1.0502 5.27 -2.73 20.11 28254
2460281.570622 1.00076 0.00098 1.0504 4.95 -1.0 19.28 28183
2460281.570761 0.99889 0.00098 1.0507 0.14 0.41 21.38 24706
2460281.570899 0.99942 0.00098 1.0509 -2.7 -1.89 20.32 28003
2460281.571038 0.99975 0.00098 1.0512 -3.98 -0.39 21.07 26902
2460281.571177 0.99956 0.00098 1.0514 0.83 -0.68 20.41 30511
2460281.571315 1.00017 0.00098 1.0516 -0.61 -0.58 19.88 30793
2460281.571453 0.99949 0.00098 1.0519 1.16 -0.46 19.96 30574
2460281.571592 1.00102 0.00098 1.0521 1.36 1.55 20.66 29163
2460281.57173 0.9993 0.00098 1.0524 1.29 0.22 20.81 28341
2460281.571868 1.00012 0.00098 1.0526 2.79 0.26 21.15 29648
2460281.572007 0.9986 0.00098 1.0529 2.94 -2.3 20.03 28633
2460281.572145 1.0003 0.00098 1.0531 4.26 -0.77 20.75 29279
2460281.572284 0.99927 0.00098 1.0534 3.42 0.35 20.14 29165
2460281.572422 0.99983 0.00098 1.0536 2.35 -0.51 20.75 28318
2460281.572561 0.99978 0.00098 1.0539 3.34 0.34 20.64 24962
2460281.572699 0.99905 0.00098 1.0541 0.22 0.36 20.4 28454
2460281.572837 0.99906 0.00098 1.0544 -2.48 -1.87 20.1 27675
2460281.572976 0.9995 0.00098 1.0546 -4.63 0.33 20.38 31569
2460281.573114 1.00152 0.00098 1.0549 -3.46 -2.07 20.47 31347
2460281.573253 1.00172 0.00098 1.0551 2.96 -0.6 21.72 30400
2460281.573391 0.99882 0.00098 1.0554 3.53 -2.46 19.57 30186
2460281.57353 1.00047 0.00098 1.0556 0.15 2.06 20.28 28722
2460281.573668 1.00119 0.00098 1.0559 4.07 -0.28 20.37 30849
2460281.573806 0.99809 0.00098 1.0561 3.32 1.62 19.37 29113
2460281.573944 0.99835 0.00098 1.0564 6.33 -0.14 20.5 33358
2460281.574083 0.99846 0.00098 1.0567 5.52 -2.17 20.51 29504
2460281.574221 0.99915 0.00098 1.0569 5.13 -0.98 20.26 25949
2460281.57436 0.99989 0.00098 1.0572 4.55 0.39 21.74 27906
2460281.574498 1.0 0.00098 1.0574 2.41 -2.56 21.79 27544
2460281.574637 0.99989 0.00098 1.0577 -0.84 -4.43 20.77 28897
2460281.574775 1.00082 0.00098 1.058 -4.74 -0.96 20.4 30288
2460281.574914 1.00096 0.00098 1.0582 -4.6 0.1 19.87 30048
2460281.575052 0.99975 0.00098 1.0585 3.33 1.19 21.12 23660
2460281.57519 0.99852 0.00098 1.0587 3.43 -0.54 21.86 25165
2460281.575329 0.99829 0.00098 1.059 4.4 -1.28 20.95 27522
2460281.575467 0.99926 0.00098 1.0593 4.45 -0.28 21.1 28252
2460281.575606 0.99948 0.00098 1.0595 2.76 0.43 19.61 29804
2460281.575744 0.99768 0.00098 1.0598 2.6 2.19 19.97 29303
2460281.575882 1.00091 0.00098 1.0601 4.57 0.69 21.87 23827
2460281.576021 0.99853 0.00098 1.0603 5.19 -1.86 20.64 30293
2460281.576159 1.00035 0.00098 1.0606 5.96 -2.69 20.77 28327
2460281.576298 0.99905 0.00098 1.0609 5.28 -0.12 20.76 25475
2460281.576436 1.001 0.00099 1.0612 4.73 -0.28 21.96 28045
2460281.576575 0.99946 0.00098 1.0614 0.94 -0.91 20.32 24683
2460281.576713 0.99896 0.00099 1.0617 -2.15 -2.49 20.72 24780
2460281.576851 0.99967 0.00098 1.062 -0.03 -1.61 19.7 28720
2460281.57699 0.99923 0.00099 1.0623 0.76 1.74 21.68 26855
2460281.577128 0.99884 0.00098 1.0625 3.45 -1.97 20.39 29201
2460281.577266 0.99871 0.00099 1.0628 2.85 0.7 20.58 25553
2460281.577404 1.00055 0.00099 1.0631 3.99 -1.31 20.03 33198
2460281.577542 0.99888 0.00099 1.0634 3.56 -0.36 22.26 28604
2460281.577681 0.99969 0.00099 1.0636 2.89 -1.09 19.63 33069
2460281.577819 0.99909 0.00099 1.0639 5.62 -0.49 19.34 33246
2460281.577958 0.99994 0.00099 1.0642 4.97 -3.41 20.72 26451
2460281.578096 0.99895 0.00099 1.0645 4.07 -0.43 19.05 33764
2460281.578234 0.99938 0.00099 1.0648 4.4 -1.37 19.9 31076
2460281.578373 0.99891 0.00099 1.065 3.83 -1.44 20.15 29234
2460281.578511 0.9997 0.00099 1.0653 1.0 1.38 19.8 28563
2460281.578649 1.00045 0.00099 1.0656 -4.21 -1.16 20.28 27395
2460281.578788 1.00159 0.00099 1.0659 -1.99 -0.29 20.14 28415
2460281.578926 1.00038 0.00099 1.0662 0.69 -1.25 20.43 32359
2460281.579065 0.99946 0.00099 1.0664 0.85 0.04 19.2 33687
2460281.579203 1.0005 0.00099 1.0668 3.51 -1.9 20.07 32185
2460281.579341 1.00117 0.00099 1.067 0.05 -0.5 21.3 32258
2460281.57948 1.00111 0.00099 1.0673 1.97 -0.46 19.59 35450
2460281.579619 0.99757 0.00099 1.0676 2.24 -2.78 19.65 32707
2460281.579757 0.99939 0.00099 1.0679 3.59 -2.6 19.26 34710
2460281.579896 0.99953 0.00099 1.0682 4.32 -1.4 20.48 28374
2460281.580034 0.9995 0.00099 1.0685 4.51 -6.75 20.51 38279
2460281.580172 0.99912 0.00099 1.0688 3.55 1.49 20.31 26356
2460281.580311 0.99976 0.00099 1.0691 5.46 -0.28 20.63 29670
2460281.580449 0.99894 0.00099 1.0694 0.85 -3.38 20.23 31693
2460281.580587 1.00003 0.00099 1.0697 -2.23 -0.63 20.84 27113
2460281.580726 1.00098 0.00099 1.07 -4.39 -3.99 20.36 30452
2460281.580864 1.00154 0.00099 1.0703 -3.07 -0.94 20.76 27812
2460281.581002 0.99929 0.00099 1.0705 -0.33 0.59 20.11 29371
2460281.581141 1.00137 0.00099 1.0709 0.93 -0.65 20.61 25403
2460281.581279 1.00032 0.00099 1.0712 2.85 1.5 20.46 26512
2460281.581417 1.0 0.00099 1.0714 0.73 0.1 19.54 32884
2460281.581556 1.00035 0.00099 1.0717 1.42 0.32 20.09 32526
2460281.581694 0.99848 0.00099 1.0721 3.15 -1.03 19.83 31964
2460281.581833 0.998 0.00099 1.0724 3.88 1.2 21.09 33764
2460281.581971 0.99796 0.00099 1.0727 3.73 1.97 20.65 30722
2460281.58211 0.99909 0.00099 1.073 9.48 -4.6 21.34 28589
2460281.582248 0.99913 0.00099 1.0733 3.14 -1.75 19.8 32273
2460281.582387 1.00136 0.00099 1.0736 -0.14 3.39 21.19 26591
2460281.582525 1.00078 0.001 1.0739 -3.01 -0.56 20.4 29755
2460281.582664 1.00113 0.001 1.0742 -1.52 -3.26 20.92 29678
2460281.582802 0.99929 0.00099 1.0745 -2.77 -1.5 22.04 24237
2460281.582941 0.99868 0.00099 1.0748 0.96 0.06 20.75 24340
2460281.583079 1.00202 0.001 1.0751 2.96 -0.7 23.76 28158
2460281.583217 0.99975 0.001 1.0755 4.68 0.48 21.06 28016
2460281.583356 0.99894 0.001 1.0757 3.79 -2.58 20.72 27144
2460281.583494 0.99924 0.001 1.0761 2.73 -2.65 20.91 25173
2460281.583632 1.00049 0.001 1.0764 3.59 -2.58 19.8 30656
2460281.583771 0.99754 0.00099 1.0767 3.59 1.07 20.28 32169
2460281.58391 0.99814 0.001 1.077 2.41 1.23 20.28 26706
2460281.584048 0.9995 0.001 1.0773 3.17 0.14 21.33 26827
2460281.584186 0.99821 0.001 1.0776 3.58 -0.82 19.23 30172
2460281.584325 1.00079 0.001 1.078 1.56 -1.6 20.87 27201
2460281.584463 1.0002 0.001 1.0783 -1.63 -0.27 19.71 28404
2460281.584602 1.00007 0.001 1.0786 -3.32 -0.88 20.71 25543
2460281.58474 0.99966 0.001 1.0789 2.38 -2.21 19.81 31919
2460281.584878 1.00139 0.001 1.0792 1.54 -1.62 19.76 28785
2460281.585017 0.99957 0.001 1.0796 3.31 -1.29 20.34 28168
2460281.585155 0.99828 0.001 1.0799 1.88 3.52 21.06 26653
2460281.585294 0.99977 0.001 1.0802 2.39 -0.31 20.53 28999
2460281.585432 0.99916 0.001 1.0805 0.62 -1.64 19.8 33156
2460281.585571 0.99964 0.001 1.0809 2.31 0.98 20.93 28201
2460281.585709 1.00088 0.001 1.0812 3.36 -0.17 21.69 28446
2460281.585847 0.99991 0.001 1.0815 2.9 -0.2 20.59 27921
2460281.585986 0.99839 0.001 1.0818 3.2 -0.83 20.02 28475
2460281.586124 0.99855 0.001 1.0822 4.73 -0.23 19.97 29033
2460281.586263 0.99983 0.001 1.0825 5.88 -2.28 21.24 28603
2460281.586401 0.99952 0.001 1.0828 3.74 0.02 21.19 27416
2460281.58654 0.99987 0.001 1.0832 -0.67 -1.85 20.73 28681
2460281.586678 0.99843 0.001 1.0835 0.75 0.43 21.47 28621
2460281.586816 0.99916 0.001 1.0838 1.98 -0.71 20.19 27813
2460281.586955 1.00092 0.00101 1.0842 2.85 -2.76 20.88 24204
2460281.587093 0.99962 0.001 1.0845 -1.79 1.3 21.18 26347
2460281.587232 0.998 0.001 1.0849 1.48 -1.99 20.46 31730
2460281.58737 0.99914 0.001 1.0852 0.17 -2.15 20.42 26270
2460281.587509 0.99914 0.001 1.0855 -0.63 1.43 21.18 25639
2460281.587647 0.99891 0.001 1.0859 4.27 -0.06 21.14 22946
2460281.587786 0.99883 0.001 1.0862 3.69 -3.25 20.38 27367
2460281.587924 0.99894 0.001 1.0865 3.88 -3.07 20.3 25555
2460281.588062 0.99934 0.00101 1.0869 4.3 -0.35 21.1 30920
2460281.588201 0.99873 0.00101 1.0872 5.46 0.6 20.83 25071
2460281.588339 0.99887 0.00101 1.0876 1.58 1.61 20.27 25525
2460281.588478 0.99911 0.00101 1.088 -0.51 -2.92 20.63 25992
2460281.588616 0.99973 0.00101 1.0883 -0.84 -1.25 19.81 27547
2460281.588755 1.0002 0.00101 1.0886 -0.56 -5.05 20.9 20908
2460281.588893 1.001 0.00101 1.089 2.82 -2.35 19.98 24302
2460281.589031 0.99835 0.00101 1.0893 5.73 0.22 20.34 28601
2460281.589169 0.99974 0.00101 1.0897 1.21 -2.36 20.93 27651
2460281.589307 1.00023 0.00101 1.09 3.07 0.2 21.64 24612
2460281.589445 0.99924 0.00101 1.0904 3.66 -0.82 20.69 26621
2460281.589584 0.99865 0.00101 1.0907 0.96 2.99 20.31 24052
2460281.589722 0.99799 0.00101 1.0911 3.84 0.17 19.93 25679
2460281.58986 0.99877 0.00101 1.0914 5.95 -0.31 20.54 31555
2460281.589999 0.99876 0.00101 1.0918 2.42 -0.02 20.76 24359
2460281.590137 0.99962 0.00101 1.0921 3.85 -1.66 20.52 24496
2460281.590276 1.00102 0.00101 1.0925 -0.65 -0.05 20.51 26842
2460281.590414 1.00019 0.00101 1.0928 -0.5 0.78 20.53 24102
2460281.590552 1.00151 0.00101 1.0932 0.09 0.25 21.13 24187
2460281.590691 0.99855 0.00101 1.0936 2.02 -3.8 20.23 25045
2460281.590829 0.99974 0.00101 1.0939 2.88 -2.18 21.18 24620
2460281.590968 0.99786 0.00101 1.0943 1.09 -0.92 20.61 29327
2460281.591106 0.99794 0.00101 1.0946 3.8 -1.64 20.94 24667
2460281.591244 0.99869 0.00101 1.095 2.6 0.34 21.01 23826
2460281.591383 0.99886 0.00101 1.0954 1.31 0.05 20.46 30523
2460281.591521 0.9998 0.00101 1.0957 2.33 2.7 22.0 24961
2460281.59166 0.99992 0.00101 1.0961 2.62 0.66 20.24 25696
2460281.591798 0.99802 0.00101 1.0965 3.78 2.79 20.51 24361
2460281.591936 0.99985 0.00101 1.0968 3.91 1.2 20.83 24570
2460281.592075 0.99908 0.00101 1.0972 2.11 -1.05 21.29 21536
2460281.592213 0.99914 0.00101 1.0976 1.13 -1.46 20.39 23207
2460281.592352 1.00064 0.00101 1.098 0.52 0.1 20.55 21827
2460281.59249 0.99901 0.00101 1.0983 -1.87 1.93 20.04 26218
2460281.592629 0.99758 0.00101 1.0987 1.68 2.54 20.43 25452
2460281.592767 0.99987 0.00102 1.0991 3.31 -0.39 19.99 25234
2460281.593044 1.00007 0.00102 1.0998 1.41 0.73 19.67 28117
2460281.593182 0.99952 0.00102 1.1002 2.28 -2.28 21.2 26265
2460281.593321 0.99836 0.00102 1.1006 -0.29 -0.89 20.18 27772
2460281.593459 0.99982 0.00102 1.101 -1.22 0.59 20.35 25068
2460281.593597 1.00009 0.00102 1.1013 0.64 0.51 20.43 25136
2460281.593736 0.99945 0.00102 1.1017 2.87 0.51 20.82 24216
2460281.593874 0.99886 0.00102 1.1021 2.13 1.88 19.96 27435
2460281.594013 0.99736 0.00102 1.1025 3.37 -1.53 20.81 22440
2460281.594151 1.00057 0.00102 1.1029 1.35 -1.83 20.14 28971
2460281.59429 0.99962 0.00102 1.1032 -2.23 1.29 20.79 19639
2460281.594428 0.9992 0.00102 1.1036 -4.08 3.33 21.21 23072
2460281.594567 0.99869 0.00102 1.104 -0.73 -2.12 20.39 26297
2460281.594705 0.99983 0.00102 1.1044 -0.11 3.49 20.39 22596
2460281.594843 0.99841 0.00102 1.1048 1.47 -0.33 20.31 25471
2460281.594982 1.00055 0.00102 1.1052 -2.21 0.27 20.83 29275
2460281.59512 0.99716 0.00102 1.1056 1.04 -1.68 20.17 23083
2460281.595259 1.00016 0.00102 1.106 0.77 -2.06 20.52 24975
2460281.595397 0.99938 0.00102 1.1063 -2.24 -0.07 20.54 23529
2460281.595536 0.99846 0.00102 1.1067 2.15 1.49 20.61 25797
2460281.595674 0.99975 0.00102 1.1071 0.75 -1.21 20.56 25547
2460281.595813 0.99885 0.00102 1.1075 4.73 -1.35 20.98 25395
2460281.595951 0.99909 0.00102 1.1079 6.26 -0.09 20.73 27877
2460281.596089 0.99791 0.00102 1.1083 3.03 0.91 20.33 28477
2460281.596228 0.99959 0.00102 1.1087 -2.61 4.57 20.79 25184
2460281.596366 0.99892 0.00102 1.1091 -3.17 -0.12 20.36 27064
2460281.596505 0.99799 0.00102 1.1095 -3.78 1.96 20.67 25247
2460281.596643 0.99926 0.00103 1.1099 2.02 -0.76 20.73 22346
2460281.596782 0.99896 0.00103 1.1103 4.35 -0.22 21.37 26005
2460281.59692 0.9984 0.00103 1.1107 0.86 0.76 20.26 25313
2460281.597058 1.00062 0.00103 1.1111 0.92 2.88 20.18 27432
2460281.597197 0.99904 0.00103 1.1115 1.48 3.43 20.69 24622
2460281.597335 0.99814 0.00103 1.1119 4.27 1.95 20.54 27861
2460281.597474 0.99805 0.00103 1.1123 3.63 2.12 21.26 29383
2460281.597612 0.99652 0.00103 1.1127 2.44 -0.78 21.26 23252
2460281.597751 0.99758 0.00103 1.1132 6.23 0.55 20.57 25283
2460281.597889 0.99978 0.00103 1.1136 4.5 -0.39 20.7 26213
2460281.598027 0.99881 0.00103 1.1139 -0.01 -0.88 20.75 26106
2460281.598166 0.99995 0.00103 1.1144 0.08 0.34 20.81 20921
2460281.598304 0.99941 0.00103 1.1148 -0.18 -0.47 21.19 23320
2460281.598443 0.9984 0.00103 1.1152 -1.38 2.24 23.2 23705
2460281.598581 0.99853 0.00103 1.1156 6.14 2.02 21.18 21482
2460281.598719 0.99745 0.00103 1.116 5.65 2.52 20.47 28406
2460281.598858 0.99781 0.00103 1.1165 5.95 2.72 20.61 21633
2460281.598996 0.99877 0.00103 1.1168 4.91 -0.79 22.92 21436
2460281.599135 0.99909 0.00103 1.1173 -0.64 3.05 20.11 25536
2460281.599273 0.99814 0.00103 1.1177 0.53 1.91 20.61 25334
2460281.599412 0.99898 0.00103 1.1181 5.01 -0.52 20.86 24514
2460281.59955 0.99891 0.00103 1.1185 5.37 2.5 21.0 25982
2460281.599688 1.00023 0.00103 1.119 3.51 1.94 20.73 23592
2460281.599827 0.99968 0.00103 1.1194 6.72 1.26 20.84 23496
2460281.599965 1.00018 0.00103 1.1198 0.15 1.76 20.47 25030
2460281.600104 0.99857 0.00103 1.1202 3.77 -0.05 21.23 22875
2460281.600242 1.00226 0.00104 1.1207 0.01 3.32 20.28 24270
2460281.60038 1.00089 0.00104 1.1211 -0.79 3.51 20.69 26238
2460281.600519 1.00054 0.00104 1.1215 3.54 2.48 20.46 25140
2460281.600657 0.99902 0.00103 1.122 3.86 3.7 20.21 25493
2460281.600796 0.99801 0.00103 1.1224 -0.54 3.71 21.0 27008
2460281.600934 0.99995 0.00104 1.1228 2.37 1.45 21.23 22723
2460281.601071 0.99896 0.00103 1.1232 2.82 3.83 21.35 21753
2460281.601209 0.99672 0.00103 1.1237 3.94 -0.44 20.87 25960
2460281.601347 0.99823 0.00104 1.1241 1.01 1.06 20.32 25572
2460281.601486 0.99779 0.00104 1.1245 -0.13 2.99 21.61 22972
2460281.601624 0.99868 0.00104 1.1249 1.32 3.45 20.99 25683
2460281.601763 0.99785 0.00104 1.1254 4.0 1.54 21.08 25264
2460281.601902 0.99894 0.00104 1.1258 2.21 3.02 22.24 20556
2460281.60204 0.99833 0.00104 1.1263 -0.06 3.08 20.93 21894
2460281.602178 1.00007 0.00104 1.1267 -5.4 2.75 20.9 22083
2460281.602317 0.99983 0.00104 1.1272 -3.38 -0.7 21.23 25821
2460281.602455 0.99909 0.00104 1.1276 0.02 0.7 20.55 28443
2460281.602593 0.99978 0.00104 1.1281 -2.85 -0.34 20.22 24637
2460281.602731 0.9996 0.00104 1.1285 1.35 3.3 19.94 27338
2460281.602869 0.99996 0.00104 1.1289 -1.76 2.99 21.93 22457
2460281.603008 0.99846 0.00104 1.1294 -0.87 1.91 20.92 21858
2460281.603146 0.99923 0.00104 1.1298 0.11 1.18 21.31 22915
2460281.603284 0.99896 0.00104 1.1303 2.91 2.39 20.97 27109
2460281.603423 0.99812 0.00104 1.1307 3.32 4.18 20.85 24182
2460281.603561 0.99583 0.00104 1.1312 3.97 1.3 20.55 24988
2460281.6037 0.99874 0.00104 1.1316 3.6 3.8 21.28 23321
2460281.603838 0.99794 0.00104 1.1321 0.5 1.96 21.11 25953
2460281.603977 0.99909 0.00104 1.1325 -1.62 3.15 21.76 24325
2460281.604115 0.99991 0.00104 1.133 -4.91 2.52 21.41 24445
2460281.604253 0.99688 0.00104 1.1335 -4.07 1.27 20.77 24959
2460281.604392 0.99917 0.00105 1.1339 -3.02 3.8 21.98 20864
2460281.60453 0.99951 0.00104 1.1343 2.7 1.95 19.77 25997
2460281.604668 0.99752 0.00104 1.1348 3.29 1.22 20.5 29118
2460281.604807 1.00014 0.00105 1.1353 -0.55 2.58 20.31 27566
2460281.604945 0.99999 0.00105 1.1357 -1.38 1.29 21.66 26201
2460281.605084 0.99915 0.00105 1.1362 0.53 3.88 20.76 24186
2460281.605222 0.9992 0.00105 1.1367 3.14 0.18 21.19 33014
2460281.60536 0.99733 0.00105 1.1371 4.76 -0.64 21.59 26823
2460281.605499 0.99961 0.00105 1.1376 1.03 1.48 20.51 26222
2460281.605637 0.99976 0.00105 1.1381 1.76 1.3 21.05 22570
2460281.605775 0.99859 0.00105 1.1385 0.99 4.11 20.19 24655
2460281.605913 0.9999 0.00105 1.139 0.63 2.68 20.96 23330
2460281.606052 0.99921 0.00105 1.1395 -0.28 -0.6 20.54 24785
2460281.60619 0.99965 0.00105 1.1399 -4.72 1.5 20.39 19728
2460281.606328 0.99969 0.00105 1.1404 2.22 0.51 20.37 22929
2460281.606466 0.99804 0.00105 1.1409 6.52 3.1 20.97 25270
2460281.606605 1.00031 0.00105 1.1413 5.39 0.08 20.32 24678
2460281.606743 0.99885 0.00105 1.1418 1.24 2.3 20.55 25022
2460281.606882 1.00073 0.00105 1.1423 2.3 3.09 20.87 23730
2460281.607021 0.99984 0.00105 1.1428 1.29 2.68 21.11 22234
2460281.607159 0.99647 0.00105 1.1433 -0.19 4.05 20.83 24281
2460281.607298 0.99975 0.00106 1.1437 -0.52 2.6 21.82 22383
2460281.607436 0.99846 0.00105 1.1442 1.45 4.14 20.29 26619
2460281.607575 0.99968 0.00106 1.1447 3.86 0.24 23.76 28476
2460281.607714 0.99943 0.00106 1.1452 3.71 1.77 20.97 28576
2460281.607853 0.99747 0.00105 1.1457 3.18 2.1 20.57 23858
2460281.607991 0.99922 0.00106 1.1462 -2.37 0.88 20.58 23238
2460281.60813 1.00069 0.00106 1.1466 -0.21 1.2 20.09 22801
2460281.608268 1.00052 0.00106 1.1471 0.57 -0.48 20.23 25991
2460281.608407 1.00095 0.00106 1.1476 -0.13 0.85 19.95 27408
2460281.608546 0.9997 0.00106 1.1481 0.39 2.32 21.31 26839
2460281.608685 0.99977 0.00106 1.1486 -0.88 3.25 20.5 24376
2460281.608823 0.99803 0.00106 1.1491 -0.04 1.13 20.39 28890
2460281.608962 0.99855 0.00106 1.1496 -0.79 -0.1 21.25 26655
2460281.609101 0.99786 0.00106 1.1501 2.57 3.23 20.36 24167
2460281.609239 0.99803 0.00106 1.1506 3.56 0.34 20.74 24712
2460281.609378 0.99767 0.00106 1.1511 3.96 2.95 20.79 24852
2460281.609517 0.99837 0.00106 1.1516 2.35 0.72 21.2 23382
2460281.609656 0.99726 0.00106 1.1521 4.49 2.22 21.2 22591
2460281.609794 0.99849 0.00106 1.1526 -1.03 3.48 20.39 23761
2460281.609933 0.99915 0.00106 1.1531 -0.31 1.93 21.97 22013
2460281.610072 0.99911 0.00106 1.1536 -2.86 -0.33 21.8 23567
2460281.61021 0.99868 0.00106 1.1541 -3.06 -0.38 20.44 25421
2460281.610349 0.99831 0.00106 1.1546 -0.45 4.02 20.9 24658
2460281.610487 0.99969 0.00107 1.1551 -0.24 -0.85 21.51 20248
2460281.610626 0.99855 0.00107 1.1556 2.02 0.51 21.33 26158
2460281.610765 0.99956 0.00107 1.1561 -1.4 0.04 21.29 24246
2460281.610904 0.99862 0.00107 1.1566 0.42 -0.58 21.03 24021
2460281.611043 1.00017 0.00107 1.1572 0.74 4.96 20.92 26744
2460281.611182 0.99645 0.00106 1.1577 2.38 -0.11 19.29 25149
2460281.611321 0.99799 0.00107 1.1582 1.03 0.11 20.31 26114
2460281.611459 0.99751 0.00107 1.1587 2.06 1.57 20.04 29472
2460281.611598 0.9994 0.00107 1.1592 3.99 0.74 20.59 26956
2460281.611736 1.00032 0.00107 1.1597 1.13 4.83 20.68 27881
2460281.611875 0.99921 0.00107 1.1603 -1.26 3.71 20.44 24647
2460281.612014 1.00014 0.00107 1.1608 -5.36 3.32 20.79 26269
2460281.612152 0.99915 0.00107 1.1613 -2.61 -0.4 20.86 25260
2460281.612291 1.00054 0.00107 1.1618 2.65 0.76 21.88 23881
2460281.61243 0.99928 0.00107 1.1623 4.56 1.5 20.34 23919
2460281.612568 0.99763 0.00107 1.1629 3.4 -0.55 20.68 29381
2460281.612707 0.99822 0.00107 1.1634 5.41 2.13 20.98 25181
2460281.612846 0.99758 0.00107 1.1639 -1.63 0.04 21.16 23455
2460281.612984 0.99798 0.00107 1.1644 3.23 1.21 21.09 21591
2460281.613122 0.99773 0.00108 1.165 3.19 2.37 19.98 26774
2460281.613261 0.99869 0.00108 1.1655 0.57 1.03 19.92 28498
2460281.6134 0.99935 0.00108 1.166 -0.53 1.0 21.07 26214
2460281.613538 0.99852 0.00108 1.1666 3.89 2.63 20.49 23317
2460281.613677 0.99812 0.00108 1.1671 1.45 0.36 21.13 26212
2460281.613816 0.99841 0.00108 1.1676 1.85 2.47 20.45 25458
2460281.613954 0.99754 0.00108 1.1682 -0.55 0.83 20.15 27307
2460281.614093 0.99877 0.00108 1.1687 1.41 0.67 21.37 21818
2460281.614232 0.99627 0.00108 1.1693 3.98 5.3 20.7 21900
2460281.61437 0.9975 0.00108 1.1698 2.53 5.94 20.0 24486
2460281.614509 0.99898 0.00108 1.1703 3.78 4.15 20.45 26951
2460281.614648 0.99908 0.00108 1.1709 -1.82 4.79 21.93 21278
2460281.614786 0.99832 0.00108 1.1714 1.25 0.84 21.2 26327
2460281.614925 0.99843 0.00108 1.172 -2.98 2.43 20.49 25710
2460281.615064 0.99971 0.00108 1.1725 1.0 3.76 20.83 26044
2460281.615203 0.99775 0.00108 1.1731 -0.31 5.36 20.35 26410
2460281.615341 0.99773 0.00108 1.1736 2.94 0.98 20.78 24484
2460281.61548 0.99894 0.00108 1.1742 0.57 1.98 20.47 25338
2460281.615618 0.99827 0.00108 1.1747 1.58 0.15 20.63 23534
2460281.615757 0.99809 0.00108 1.1753 -0.46 5.12 21.6 21913
2460281.615896 0.99816 0.00109 1.1758 -1.65 -0.42 20.25 23176
2460281.616034 0.99957 0.00109 1.1764 1.06 3.59 19.62 25849
2460281.616173 1.00026 0.00109 1.1769 -0.54 1.1 21.25 24242
2460281.616312 0.99789 0.00109 1.1775 3.3 2.37 21.12 21320
2460281.61645 0.99977 0.00109 1.1781 1.39 0.99 21.08 22817
2460281.616589 0.99936 0.00109 1.1786 -0.07 3.25 20.42 26774
2460281.616728 0.99917 0.00109 1.1792 -1.23 2.59 20.44 22335
2460281.616867 1.00019 0.00109 1.1797 -4.07 4.75 20.72 24332
2460281.617005 0.99916 0.00109 1.1803 -0.35 2.69 20.01 24750
2460281.617144 0.99997 0.00109 1.1809 2.34 1.59 20.7 25634
2460281.617283 0.99867 0.00109 1.1814 2.81 0.79 20.81 23117
2460281.617421 0.99774 0.00109 1.182 2.65 0.7 20.79 24673
2460281.61756 0.99759 0.00109 1.1826 5.29 -0.57 21.02 22626
2460281.617699 0.99746 0.00109 1.1831 1.36 3.6 21.68 21123
2460281.617838 1.00118 0.0011 1.1837 -0.84 2.14 21.08 22703
2460281.617977 0.99969 0.00109 1.1843 -0.06 2.45 20.98 24299
2460281.618115 0.99858 0.00109 1.1849 1.64 -0.14 19.21 25699
2460281.618254 0.99746 0.00109 1.1854 2.79 1.02 20.19 21577
2460281.618393 0.99758 0.00109 1.186 -0.5 -0.57 21.07 24602
2460281.618531 1.0003 0.0011 1.1866 1.75 4.06 20.3 23983
2460281.61867 0.99928 0.0011 1.1872 2.27 2.71 20.92 21157
2460281.618809 0.9991 0.0011 1.1878 1.35 0.94 19.68 23891
2460281.618947 0.99738 0.0011 1.1883 -0.64 1.48 21.07 24585
2460281.619086 0.99722 0.0011 1.1889 0.82 2.52 20.07 22905
2460281.619225 0.99774 0.0011 1.1895 4.21 2.91 20.61 24080
2460281.619363 0.9995 0.0011 1.1901 5.46 0.56 20.24 26883
2460281.619502 0.99839 0.0011 1.1906 1.37 -0.77 20.88 28664
2460281.619641 0.99703 0.0011 1.1913 -0.0 0.9 20.8 27107
2460281.61978 0.99778 0.0011 1.1919 -2.87 3.42 21.15 23444
2460281.619918 0.99781 0.0011 1.1924 0.66 0.62 21.89 22642
2460281.620057 0.99693 0.0011 1.193 0.42 3.64 21.83 20740
2460281.620196 0.99737 0.0011 1.1936 3.63 1.91 20.22 26277
2460281.620335 0.99708 0.0011 1.1942 5.11 2.16 20.6 28416
2460281.620474 0.99994 0.0011 1.1948 -0.28 5.06 20.3 25010
2460281.620612 1.00043 0.00111 1.1954 -0.82 1.7 19.88 25226
2460281.620751 0.99933 0.00111 1.196 2.45 2.27 20.4 25585
2460281.62089 0.99708 0.0011 1.1966 0.82 3.29 20.59 23729
2460281.621029 0.99569 0.0011 1.1972 2.54 2.71 20.78 23469
2460281.621167 0.99906 0.00111 1.1978 1.49 2.83 21.16 21713
2460281.621306 0.99869 0.00111 1.1984 2.71 0.4 20.64 24056
2460281.621445 0.99625 0.0011 1.199 1.47 2.24 21.0 26110
2460281.621584 0.99762 0.00111 1.1996 0.09 2.33 20.91 22485
2460281.621723 0.9989 0.00111 1.2003 -1.82 4.7 21.0 22966
2460281.621861 1.00006 0.00111 1.2009 -1.0 2.37 20.02 25960
2460281.622 0.99777 0.00111 1.2014 -1.46 2.37 20.91 25077
2460281.622139 0.99731 0.00111 1.2021 2.82 1.06 21.87 22686
2460281.622278 0.9973 0.00111 1.2027 0.43 1.38 21.28 26633
2460281.622416 0.99866 0.00111 1.2033 0.91 -0.01 20.06 27521
2460281.622555 0.99595 0.00111 1.2039 0.45 0.0 20.24 26408
2460281.622693 0.99884 0.00111 1.2045 -0.19 4.3 20.54 26722
2460281.622832 0.9973 0.00111 1.2051 1.02 1.39 20.8 24623
2460281.622971 0.99819 0.00111 1.2058 -3.57 4.52 20.37 27581
2460281.623109 0.99974 0.00112 1.2064 2.6 -0.69 21.72 28490
2460281.623248 0.99631 0.00111 1.207 3.88 1.11 20.45 27100
2460281.623387 0.9986 0.00112 1.2076 2.51 3.32 20.55 25748
2460281.623526 0.99771 0.00111 1.2083 3.27 1.45 20.25 28428
2460281.623665 0.99748 0.00112 1.2089 -0.59 1.25 20.0 24813
2460281.623803 0.99835 0.00112 1.2095 -5.19 0.59 21.07 28902
2460281.623942 0.99914 0.00112 1.2101 -0.16 2.7 21.77 27312
2460281.62408 0.99896 0.00112 1.2108 -2.83 3.43 21.18 26742
2460281.624219 0.99752 0.00112 1.2114 -1.18 0.18 20.6 26559
2460281.624358 0.99803 0.00112 1.212 -1.53 2.15 21.95 28262
2460281.624497 0.99833 0.00112 1.2127 -4.75 3.9 22.09 23272
2460281.624635 0.99826 0.00112 1.2133 -3.08 3.72 21.25 23537
2460281.624774 0.99866 0.00112 1.2139 -4.22 1.3 20.8 23573
2460281.624913 0.99921 0.00112 1.2146 -1.93 1.66 22.08 23041
2460281.625051 0.99657 0.00112 1.2152 0.43 2.22 20.71 26255
2460281.625189 0.99796 0.00112 1.2159 4.13 0.89 20.5 27426
2460281.625328 0.99739 0.00112 1.2165 4.69 0.9 19.89 27728
2460281.625467 0.99635 0.00112 1.2172 0.51 0.16 19.54 25702
2460281.625606 0.99873 0.00112 1.2178 -4.49 3.71 20.97 25628
2460281.625744 0.99729 0.00112 1.2184 -4.96 3.96 20.69 26482
2460281.625883 0.99838 0.00113 1.2192 -3.24 2.86 21.09 24967
2460281.626022 0.99878 0.00113 1.2198 0.35 -0.19 20.32 27453
2460281.626161 0.99607 0.00112 1.2205 -0.0 4.69 20.48 27627
2460281.6263 0.99862 0.00113 1.2211 -2.76 3.17 21.32 24871
2460281.626438 0.99897 0.00113 1.2217 0.88 2.32 20.5 26550
2460281.626577 0.99884 0.00113 1.2224 -0.54 1.31 20.7 25312
2460281.626716 0.9976 0.00113 1.223 -0.55 0.86 21.94 21189
2460281.626854 0.99825 0.00113 1.2237 -0.05 1.06 20.19 29916
2460281.626993 0.99734 0.00113 1.2243 3.5 1.92 21.23 28283
2460281.627132 0.99674 0.00113 1.225 5.33 0.79 20.5 26867
2460281.627271 0.99601 0.00113 1.2257 3.24 3.67 19.93 24918
2460281.627409 0.9984 0.00113 1.2263 -3.25 1.68 20.32 25592
2460281.627548 0.99814 0.00113 1.2271 -0.37 1.79 20.89 24550
2460281.627687 0.99763 0.00113 1.2277 -4.98 0.95 22.71 22187
2460281.627826 0.99734 0.00113 1.2284 -0.46 3.06 20.31 24209
2460281.627964 1.00016 0.00114 1.229 1.16 2.08 21.33 20366
2460281.628103 0.99687 0.00113 1.2297 3.62 1.59 20.58 27885
2460281.628241 0.99709 0.00114 1.2304 5.32 0.44 20.68 30444
2460281.62838 0.99657 0.00114 1.231 4.84 3.82 20.72 26722
2460281.628519 0.99897 0.00114 1.2317 2.38 -0.54 21.27 23739
2460281.628658 0.99804 0.00114 1.2324 1.73 2.36 20.42 30757
2460281.628796 0.99524 0.00114 1.2331 0.75 -0.17 21.18 27576
2460281.628935 0.99966 0.00114 1.2338 5.21 0.81 20.91 29279
2460281.629074 0.99775 0.00114 1.2345 3.58 1.54 19.85 28038
2460281.629213 0.99791 0.00114 1.2351 -1.47 3.26 20.66 26602
2460281.629352 0.99998 0.00114 1.2358 1.5 2.05 20.32 25429
2460281.62949 0.99798 0.00114 1.2365 -1.31 3.24 20.92 29572
2460281.629629 0.99814 0.00114 1.2372 -2.99 -0.24 20.35 30896
2460281.629768 0.99887 0.00114 1.2379 1.57 1.93 20.79 27584
2460281.629906 0.9978 0.00114 1.2386 3.31 4.6 21.02 26607
2460281.630045 0.9974 0.00114 1.2393 5.71 1.57 20.18 29525
2460281.630184 0.99678 0.00115 1.24 2.09 5.18 22.03 27217
2460281.630323 0.99725 0.00115 1.2407 -1.34 3.62 21.22 23908
2460281.630461 0.99754 0.00115 1.2414 0.16 1.22 20.1 32102
2460281.6306 0.99691 0.00115 1.2421 2.59 1.48 20.39 31129
2460281.630739 0.99832 0.00115 1.2428 2.29 3.61 21.12 26844
2460281.630878 0.99703 0.00115 1.2435 3.29 0.29 20.97 23949
2460281.631016 0.99798 0.00115 1.2442 1.38 1.9 20.65 28159
2460281.631155 0.99753 0.00115 1.2449 1.89 0.97 20.61 30743
2460281.631294 0.99879 0.00115 1.2456 3.02 -0.35 20.34 31535
2460281.631433 0.99653 0.00115 1.2463 -1.54 1.43 21.58 23982
2460281.631571 0.99988 0.00116 1.247 -2.52 2.62 20.98 26191
2460281.63171 0.99721 0.00115 1.2477 -4.51 1.85 20.77 26847
2460281.631849 0.99712 0.00115 1.2485 -0.1 3.2 20.55 29672
2460281.631987 0.9972 0.00115 1.2492 1.93 0.04 20.54 28545
2460281.632126 0.99857 0.00116 1.2499 2.42 -4.69 20.98 27963
2460281.632265 0.99849 0.00116 1.2506 2.85 1.69 20.33 25969
2460281.632404 0.99679 0.00116 1.2513 -1.9 3.44 21.16 28714
2460281.632543 0.99595 0.00116 1.2521 3.56 -0.3 20.31 26825
2460281.632681 0.99752 0.00116 1.2528 0.87 5.37 22.15 28087
2460281.63282 0.99765 0.00116 1.2535 3.67 3.01 20.56 25348
2460281.632959 0.99887 0.00116 1.2542 2.01 -0.15 20.03 24041
2460281.633097 0.99821 0.00116 1.255 4.53 0.97 20.41 23006
2460281.633236 0.99843 0.00116 1.2557 3.67 3.07 20.82 25597
2460281.633375 0.99887 0.00117 1.2564 -4.12 1.49 20.75 24575
2460281.633513 0.99674 0.00116 1.2572 -6.9 0.68 20.83 27400
2460281.633652 0.99784 0.00117 1.2579 -6.97 2.83 19.97 26726
2460281.63379 0.99567 0.00116 1.2586 -5.74 3.66 20.43 28309
2460281.633929 0.99731 0.00117 1.2594 0.69 0.24 21.61 26965
2460281.634068 0.99892 0.00117 1.2601 1.45 4.78 19.43 27773
2460281.634207 0.99907 0.00117 1.2609 1.73 2.64 21.95 29851
2460281.634346 0.99693 0.00117 1.2616 1.22 4.39 20.47 24117
2460281.634485 0.99828 0.00117 1.2623 -2.03 0.59 21.27 24199
2460281.634624 1.00113 0.00117 1.2631 -0.91 0.52 20.74 25493
2460281.634763 0.99923 0.00117 1.2638 2.79 -0.57 20.64 24759
2460281.634901 0.9962 0.00117 1.2646 1.0 3.6 20.67 23846
2460281.63504 0.99523 0.00117 1.2653 -0.05 1.96 21.95 27154
2460281.635179 0.99845 0.00117 1.2661 2.88 -0.16 21.35 26892
2460281.635317 0.99731 0.00117 1.2668 -2.41 3.94 19.34 31212
2460281.635456 0.9988 0.00118 1.2676 -0.64 3.19 18.71 30042
2460281.635594 0.99762 0.00118 1.2684 -7.62 4.81 21.27 26450
2460281.635733 0.99837 0.00118 1.2691 2.35 4.48 23.17 23066
2460281.635872 0.99662 0.00118 1.2699 6.51 0.78 20.79 25476
2460281.63601 0.99781 0.00118 1.2706 4.6 4.36 20.77 25570
2460281.636149 0.99403 0.00118 1.2714 5.04 -4.84 20.5 25856
2460281.636288 0.99553 0.00118 1.2722 1.48 1.99 21.61 22012
2460281.636426 0.99838 0.00118 1.2729 0.23 0.86 20.64 26498
2460281.636565 1.00051 0.00119 1.2737 0.8 0.31 19.69 28590
2460281.636704 0.99582 0.00118 1.2745 -1.1 1.61 20.59 27766
2460281.636842 0.99712 0.00118 1.2753 -0.42 4.87 20.63 24991
2460281.63698 0.99707 0.00118 1.276 4.3 0.15 20.68 25737
2460281.637119 0.99754 0.00119 1.2768 -0.89 0.8 20.26 26807
2460281.637258 0.99775 0.00119 1.2776 -1.34 4.74 20.66 24411
2460281.637396 0.99814 0.00119 1.2784 -0.38 -0.09 21.09 25315
2460281.637535 0.99711 0.00119 1.2792 -1.81 2.53 20.15 28887
2460281.637674 0.99757 0.00119 1.2799 0.96 1.6 19.38 26488
2460281.637812 0.99765 0.00119 1.2807 1.97 0.57 20.49 30504
2460281.637951 0.99761 0.00119 1.2815 -2.8 3.08 20.65 24942
2460281.63809 0.99743 0.00119 1.2823 -1.06 0.34 20.29 25572
2460281.638229 0.99934 0.00119 1.2831 1.56 0.78 21.36 26163
2460281.638368 0.9963 0.00119 1.2839 0.99 1.03 19.66 26661
2460281.638507 0.99782 0.0012 1.2847 -1.45 3.11 21.19 21300
2460281.638646 0.99851 0.0012 1.2855 1.36 3.86 20.43 27155
2460281.638784 0.99706 0.0012 1.2863 1.71 1.96 20.17 29339
2460281.638923 0.9971 0.0012 1.2871 4.32 3.25 19.5 30669
2460281.639061 0.99537 0.0012 1.2879 1.05 0.82 20.89 27882
2460281.6392 0.99818 0.0012 1.2887 2.78 3.74 21.12 21915
2460281.639339 0.99817 0.0012 1.2895 -2.75 3.4 19.93 27809
2460281.639478 0.99798 0.0012 1.2903 -1.15 3.83 19.66 31964
2460281.639617 0.99821 0.0012 1.2911 -2.03 2.27 21.26 24610
2460281.639756 0.99812 0.0012 1.2919 0.83 4.03 20.95 24273
2460281.639894 0.99637 0.0012 1.2927 2.69 2.98 20.03 28519
2460281.640033 0.9972 0.0012 1.2935 0.55 1.76 19.85 34174
2460281.640172 0.9979 0.0012 1.2944 -0.45 0.79 20.76 23924
2460281.640311 0.99924 0.00121 1.2952 1.21 2.73 20.64 26404
2460281.640449 0.99732 0.00121 1.2959 0.79 5.43 21.05 25542
2460281.640588 0.99786 0.00121 1.2968 -2.61 3.59 20.82 29795
2460281.640727 0.99577 0.00121 1.2976 4.45 2.54 20.25 26758
2460281.640865 0.99652 0.00121 1.2985 3.45 0.76 20.38 29562
2460281.641004 0.99657 0.00121 1.2992 5.49 2.24 19.97 30566
2460281.641143 0.99745 0.00121 1.3001 0.94 2.98 21.06 24297
2460281.641282 0.99748 0.00121 1.3009 -3.39 1.81 20.35 29384
2460281.64142 0.99726 0.00121 1.3018 -5.62 6.76 21.76 27842
2460281.641559 0.99839 0.00121 1.3026 -1.54 5.61 21.58 27307
2460281.641698 0.99933 0.00122 1.3035 -0.24 4.48 21.25 19224
2460281.641836 0.9956 0.00121 1.3043 2.56 4.62 21.03 23650
2460281.641976 0.99694 0.00121 1.3051 4.35 -0.52 20.59 24571
2460281.642114 0.99861 0.00122 1.306 2.04 -0.58 21.49 24457
2460281.642253 0.9989 0.00122 1.3068 1.35 4.75 20.14 26150
2460281.642392 0.99704 0.00122 1.3076 4.77 2.13 20.95 22280
2460281.642531 1.00062 0.00122 1.3085 1.87 2.29 20.36 26876
2460281.642669 0.9972 0.00122 1.3094 -0.69 1.61 21.19 26694
2460281.642808 0.99762 0.00122 1.3102 4.32 4.94 20.98 25178
2460281.642947 0.99606 0.00122 1.311 -0.99 0.87 20.66 24699
2460281.643086 0.99811 0.00122 1.3119 -1.47 2.27 20.75 28741
2460281.643225 0.99723 0.00122 1.3128 -3.38 5.45 20.92 25174
2460281.643363 1.00018 0.00123 1.3136 -5.17 2.88 20.18 25803
2460281.643502 0.99891 0.00123 1.3144 -2.35 -0.0 22.09 19512
2460281.64364 0.99804 0.00123 1.3154 4.25 0.89 20.08 30140
2460281.643779 0.99476 0.00123 1.3161 1.21 5.51 21.52 22078
2460281.643918 0.99819 0.00123 1.3171 4.27 0.28 21.1 20347
2460281.644057 0.99631 0.00123 1.318 -1.6 3.54 20.86 25561
2460281.644196 0.99889 0.00123 1.3188 0.41 -1.06 20.51 32910
2460281.644334 0.99972 0.00123 1.3196 -2.16 0.41 20.68 27177
2460281.644473 0.99739 0.00123 1.3206 1.67 0.91 20.94 28507
2460281.644611 0.99454 0.00123 1.3214 0.88 2.44 20.2 31747
2460281.64475 0.99751 0.00124 1.3222 3.58 3.11 20.61 26236
2460281.644889 0.99804 0.00124 1.3231 5.56 0.57 20.74 28509
2460281.645027 0.99683 0.00124 1.3241 1.99 -0.05 20.06 26270
2460281.645166 0.99662 0.00124 1.325 -3.63 3.64 21.18 27394
2460281.645304 0.99593 0.00124 1.3258 2.71 -0.02 20.23 27759
2460281.645443 0.99838 0.00124 1.3267 -2.87 4.99 20.04 30177
2460281.645582 0.99822 0.00124 1.3275 0.96 0.09 20.23 29556
2460281.64572 0.99826 0.00124 1.3284 2.68 4.61 21.59 22675
2460281.645859 0.99886 0.00125 1.3293 -1.65 5.11 20.33 26207
2460281.645998 0.99786 0.00125 1.3303 -2.7 0.02 20.12 25883
2460281.646137 0.9981 0.00125 1.3312 -2.99 1.18 19.87 30959
2460281.646276 0.99494 0.00125 1.332 0.12 -1.62 21.68 21476
2460281.646415 0.9986 0.00125 1.3329 0.73 4.69 19.87 32086
2460281.646554 0.99776 0.00125 1.3339 3.35 3.14 20.4 24615
2460281.646692 0.99643 0.00125 1.3347 2.68 -1.98 20.18 28057
2460281.646831 0.99504 0.00125 1.3357 1.85 1.08 20.44 27734
2460281.64697 0.99658 0.00125 1.3366 1.02 2.28 20.34 31513
2460281.647109 0.99727 0.00125 1.3375 -1.56 3.13 20.42 26094
2460281.647247 0.99799 0.00125 1.3384 1.28 1.81 21.41 26173
2460281.647386 0.99747 0.00126 1.3393 -3.83 0.09 21.08 23371
2460281.647525 0.99982 0.00126 1.3402 0.29 0.12 19.92 23791
2460281.647663 0.99727 0.00126 1.3411 2.75 0.03 20.54 27148
2460281.647802 0.99646 0.00126 1.3421 0.18 0.82 20.6 27179
2460281.647941 0.99879 0.00126 1.343 -1.4 2.1 20.27 25814
2460281.64808 0.99982 0.00126 1.344 -1.32 0.8 20.47 28100
2460281.648219 0.99755 0.00126 1.3448 -5.65 1.4 20.87 28511
2460281.648358 0.99839 0.00126 1.3458 -2.38 4.18 19.09 24952
2460281.648496 0.99575 0.00126 1.3467 0.4 5.09 20.53 25289
2460281.648635 0.99662 0.00127 1.3476 4.13 4.3 20.75 20660
2460281.648774 0.9976 0.00127 1.3486 8.85 1.62 20.51 24131
2460281.648912 0.99665 0.00127 1.3495 4.13 -1.21 22.38 19412
2460281.64905 0.99618 0.00127 1.3505 0.04 -1.4 22.36 21619
2460281.649189 0.99818 0.00127 1.3514 1.37 4.82 21.52 21454
2460281.649328 0.99901 0.00127 1.3523 -3.31 1.04 20.21 25919
2460281.649467 0.99717 0.00127 1.3533 -0.85 -0.55 21.74 23006
2460281.649605 0.99924 0.00127 1.3542 4.53 0.83 20.55 27388
2460281.649744 0.99829 0.00128 1.3552 0.26 4.64 20.75 31897
2460281.649883 0.99862 0.00128 1.3561 -4.38 1.2 20.64 22519
2460281.650021 0.99761 0.00128 1.3571 -2.62 3.63 20.75 21169
2460281.65016 0.99603 0.00128 1.3581 -3.16 -0.99 21.24 28184
2460281.650299 0.99677 0.00128 1.359 -1.05 2.03 21.39 26908
2460281.650438 0.9959 0.00128 1.36 2.94 0.3 20.49 28679
2460281.650577 0.99788 0.00128 1.3609 7.12 5.39 20.62 27100
2460281.650716 0.99503 0.00128 1.3619 5.51 -0.27 21.6 22895
2460281.650855 0.99615 0.00128 1.3629 3.9 -0.55 20.84 27446
