2460281.440253 1.00285 0.00099 1.1322 -3.19 1.06 20.84 35034
2460281.440404 1.00241 0.00098 1.1318 -1.02 0.9 21.03 35908
2460281.440554 1.00313 0.00098 1.1313 -0.81 0.95 20.5 41579
2460281.440704 1.00274 0.00098 1.1308 -1.07 2.47 21.94 40379
2460281.440855 1.0032 0.00098 1.1303 0.29 1.07 20.98 31137
2460281.441005 1.00237 0.00098 1.1298 2.2 0.53 20.96 37042
2460281.441155 1.00188 0.00098 1.1293 4.54 -1.62 21.09 33715
2460281.441306 1.00196 0.00098 1.1289 6.44 -2.7 21.71 30286
2460281.441456 1.00257 0.00098 1.1284 9.86 -1.54 21.12 32446
2460281.441606 1.00309 0.00098 1.1279 0.97 -0.84 22.69 24851
2460281.441757 1.00209 0.00098 1.1274 -1.92 -0.43 20.7 33634
2460281.441907 1.00123 0.00098 1.1269 -4.57 -1.65 20.67 32099
2460281.442057 1.00025 0.00098 1.1264 -7.3 -3.13 20.9 31267
2460281.442208 1.00153 0.00098 1.1259 -4.4 -1.07 21.32 29785
2460281.442358 1.0016 0.00098 1.1255 -1.33 -0.44 20.81 32036
2460281.442508 1.00219 0.00098 1.125 -2.33 -2.21 21.27 32971
2460281.442659 1.00203 0.00098 1.1246 -1.63 -2.38 20.5 32082
2460281.442809 1.00259 0.00098 1.124 -0.13 -0.06 20.44 37159
2460281.442959 1.00137 0.00098 1.1236 0.83 -0.65 20.7 32541
2460281.443109 1.00266 0.00098 1.1231 3.93 -0.38 21.21 30564
2460281.44326 1.00364 0.00098 1.1227 7.49 -2.1 20.61 32154
2460281.44341 1.00191 0.00098 1.1222 2.9 0.35 22.4 25922
2460281.44356 1.00205 0.00098 1.1217 1.9 0.01 20.86 35670
2460281.44371 1.00294 0.00098 1.1213 -1.14 -1.2 21.18 33044
2460281.443861 1.0023 0.00097 1.1208 -2.56 -0.95 20.96 32072
2460281.444011 1.00254 0.00098 1.1203 -4.26 -0.97 21.27 27569
2460281.444161 1.00402 0.00098 1.1198 -5.05 1.03 20.89 34950
2460281.444311 1.00096 0.00097 1.1194 -4.05 -0.46 20.57 37362
2460281.444461 1.00437 0.00097 1.119 -2.89 -1.89 21.0 37229
2460281.444612 1.0031 0.00097 1.1185 0.14 -0.84 21.62 32070
2460281.444762 1.00318 0.00097 1.118 3.47 0.23 20.88 31862
2460281.444913 1.0021 0.00097 1.1176 5.26 -2.44 20.68 36388
2460281.445063 1.00203 0.00097 1.1171 6.73 -1.6 20.87 35336
2460281.445213 1.00375 0.00097 1.1167 3.02 0.47 21.0 30241
2460281.445363 1.00242 0.00097 1.1162 0.78 -0.15 21.09 36929
2460281.445513 1.00375 0.00097 1.1158 -0.66 -0.01 21.02 32394
2460281.445663 1.00315 0.00097 1.1153 -4.97 -0.48 21.19 32204
2460281.445814 1.00151 0.00097 1.1149 -5.62 -0.92 20.74 35196
2460281.445964 1.00298 0.00097 1.1144 -8.15 -0.05 21.05 36369
2460281.446114 1.00143 0.00097 1.114 -7.4 -1.85 20.54 34537
2460281.446264 1.00219 0.00097 1.1135 -6.0 -1.6 20.64 35430
2460281.446415 1.00249 0.00097 1.1131 -1.12 -0.76 21.61 31582
2460281.446565 1.00242 0.00097 1.1127 2.73 -1.01 20.7 38206
2460281.446715 1.00254 0.00097 1.1122 4.57 -0.98 20.81 36883
2460281.446865 1.0033 0.00097 1.1118 6.36 -1.7 20.39 33794
2460281.447016 1.00376 0.00097 1.1113 2.59 -1.31 21.7 27950
2460281.447166 1.00298 0.00097 1.1109 1.53 -1.34 20.71 36090
2460281.447316 1.00391 0.00097 1.1105 2.01 -1.12 20.77 36533
2460281.447467 1.00254 0.00097 1.11 0.21 -1.75 20.67 33516
2460281.447617 1.00218 0.00097 1.1096 -5.01 -1.16 21.32 27906
2460281.447767 1.0032 0.00097 1.1092 -8.29 -0.33 20.5 37128
2460281.447917 1.0023 0.00097 1.1087 -10.03 -0.45 20.64 38293
2460281.448067 1.00209 0.00096 1.1083 -8.44 0.34 20.42 40937
2460281.448218 1.00265 0.00097 1.1079 -1.46 0.94 23.3 29830
2460281.448368 1.00208 0.00096 1.1074 2.59 -0.09 20.91 34799
2460281.448519 1.00257 0.00096 1.107 4.0 -1.39 20.52 34903
2460281.448669 1.00342 0.00097 1.1066 7.15 -0.23 21.34 37957
2460281.448819 1.00118 0.00096 1.1061 3.06 -0.23 20.78 26668
2460281.44897 1.00513 0.00097 1.1057 3.15 1.04 20.61 38122
2460281.44912 1.0037 0.00096 1.1053 2.51 0.41 21.14 35299
2460281.44927 1.00209 0.00096 1.1049 3.37 -2.5 21.09 31925
2460281.44942 1.0012 0.00096 1.1045 -0.23 -1.09 21.39 27378
2460281.44957 1.00313 0.00096 1.104 -5.88 -0.81 20.56 35697
2460281.449721 1.00261 0.00096 1.1036 -6.99 0.2 20.15 38112
2460281.449871 1.00382 0.00096 1.1032 -7.95 -1.5 20.65 39156
2460281.450021 1.00261 0.00096 1.1028 -2.58 0.41 22.93 32233
2460281.450171 1.00315 0.00096 1.1024 2.72 -1.72 20.41 38414
2460281.450322 1.00331 0.00096 1.102 3.57 -1.57 20.79 31231
2460281.450472 1.00172 0.00096 1.1015 5.81 -1.3 21.37 36054
2460281.450622 1.00303 0.00096 1.1011 1.46 -0.26 20.79 30274
2460281.450772 1.00277 0.00096 1.1007 2.98 -0.26 20.81 38544
2460281.450922 1.00217 0.00096 1.1003 3.3 -0.94 20.53 34146
2460281.451073 1.00226 0.00096 1.0999 3.08 0.22 20.02 35276
2460281.451223 1.00255 0.00096 1.0995 0.33 -0.29 20.29 30895
2460281.451373 1.0036 0.00096 1.0991 -1.97 -0.67 20.02 31284
2460281.451523 1.00263 0.00096 1.0987 -3.88 -1.11 20.61 35334
2460281.451673 1.00223 0.00096 1.0983 -5.88 -0.89 20.34 35343
2460281.451824 1.00198 0.00096 1.0979 -2.92 0.91 20.61 36034
2460281.451974 1.00303 0.00096 1.0975 -0.57 0.25 20.64 34142
2460281.452124 1.00307 0.00096 1.0971 0.32 -1.57 20.58 34054
2460281.452275 1.00206 0.00096 1.0967 4.01 -1.28 20.77 35207
2460281.452425 1.00181 0.00096 1.0963 -0.05 -0.65 21.2 31896
2460281.452575 1.00391 0.00096 1.0959 1.05 -1.69 21.05 31901
2460281.452725 1.00367 0.00096 1.0955 1.48 -0.79 20.62 35230
2460281.452876 1.00256 0.00095 1.0951 3.26 0.01 20.92 35258
2460281.453026 1.00474 0.00096 1.0947 0.24 -0.9 21.3 29336
2460281.453176 1.00328 0.00095 1.0943 1.23 -0.35 20.61 36128
2460281.453326 1.00255 0.00095 1.0939 -1.86 0.17 20.77 34700
2460281.453477 1.0015 0.00095 1.0935 -2.37 -0.55 20.11 39892
2460281.453627 1.00262 0.00095 1.0931 -2.24 -1.17 20.79 33061
2460281.453777 1.00192 0.00095 1.0928 -2.62 1.3 20.64 34933
2460281.453927 1.00395 0.00095 1.0923 -1.93 -1.16 20.46 34903
2460281.454078 1.00392 0.00095 1.092 -0.45 -1.79 20.2 33806
2460281.454228 1.00282 0.00095 1.0916 1.17 -0.06 21.69 27692
2460281.454378 1.00189 0.00095 1.0912 -1.03 -1.19 20.35 38306
2460281.454528 1.00174 0.00095 1.0908 0.39 -1.05 20.05 37496
2460281.454679 1.00153 0.00095 1.0904 -0.95 -0.55 20.39 37069
2460281.454829 1.00168 0.00095 1.0901 -0.29 -1.59 20.73 32265
2460281.454979 1.00297 0.00095 1.0897 -0.79 -0.61 19.87 36411
2460281.455129 1.00315 0.00095 1.0893 -0.34 -0.13 20.39 37597
2460281.455279 1.00192 0.00095 1.0889 0.72 -1.31 20.84 39148
2460281.45543 1.00305 0.00095 1.0885 -2.34 0.27 20.77 30191
2460281.45558 1.00313 0.00095 1.0881 -4.2 -2.21 21.21 36988
2460281.45573 1.00253 0.00095 1.0878 -4.33 -2.37 20.72 33874
2460281.45588 1.00319 0.00095 1.0874 -2.69 -1.86 20.1 38796
2460281.456031 1.00212 0.00095 1.087 -0.89 -0.18 20.45 33108
2460281.456181 1.00171 0.00095 1.0867 0.66 -0.25 20.31 40428
2460281.456331 1.00245 0.00095 1.0863 -0.57 -0.72 20.14 40088
2460281.456482 1.00279 0.00095 1.0859 -1.37 -1.95 20.39 43471
2460281.456632 1.00439 0.00095 1.0856 -1.38 -1.77 20.12 37985
2460281.456782 1.00181 0.00094 1.0852 -0.94 0.28 19.5 45318
2460281.456932 1.0028 0.00095 1.0848 -0.67 0.76 20.08 38592
2460281.457082 1.00065 0.00094 1.0844 1.71 -1.19 19.92 39813
2460281.457233 1.00229 0.00095 1.0841 -1.62 -0.23 20.24 34012
2460281.457382 1.00246 0.00094 1.0837 -2.95 -0.34 20.36 36024
2460281.457532 1.00303 0.00095 1.0834 -4.25 -0.73 19.97 38606
2460281.457683 1.00092 0.00094 1.083 -3.31 0.39 20.83 39389
2460281.457833 1.0032 0.00094 1.0827 -0.28 -0.09 20.66 34351
2460281.457983 1.00152 0.00094 1.0823 -0.19 -0.0 20.62 42852
2460281.458134 1.003 0.00094 1.0819 0.04 -0.03 20.4 40121
2460281.458284 1.00325 0.00094 1.0816 0.24 -1.07 19.72 44754
2460281.458434 1.0018 0.00094 1.0812 -0.05 0.68 20.41 36947
2460281.458584 1.00164 0.00094 1.0809 -1.97 0.22 19.86 45780
2460281.458735 1.0021 0.00094 1.0805 -0.65 -1.18 20.33 45027
2460281.458885 1.00201 0.00094 1.0801 0.15 -1.57 20.18 39001
2460281.459035 1.00259 0.00094 1.0798 0.96 1.07 20.47 39261
2460281.459186 1.00237 0.00094 1.0795 0.47 0.08 20.32 39817
2460281.459336 1.00366 0.00094 1.0791 -0.97 -1.32 19.75 44352
2460281.459486 1.00282 0.00094 1.0787 -2.43 -1.09 20.34 40870
2460281.459637 1.00212 0.00094 1.0784 -3.4 0.06 20.26 38415
2460281.459787 1.00243 0.00094 1.078 -1.84 -0.78 20.07 37913
2460281.459938 1.00249 0.00094 1.0777 -0.39 0.25 21.06 41276
2460281.460088 1.00291 0.00094 1.0774 -1.05 -0.66 20.17 40475
2460281.460238 1.00251 0.00094 1.077 -2.74 0.44 20.76 33044
2460281.460388 1.00308 0.00094 1.0767 -1.88 1.02 21.23 42666
2460281.460538 1.00148 0.00094 1.0763 -3.03 -0.61 20.94 43406
2460281.460689 1.00214 0.00094 1.076 -2.85 -1.58 20.19 44323
2460281.460839 1.00261 0.00094 1.0757 -0.71 -1.29 20.17 38046
2460281.460989 1.00142 0.00094 1.0753 1.07 -0.72 20.72 42387
2460281.46114 1.00259 0.00094 1.075 3.18 0.48 20.56 45823
2460281.46129 1.00258 0.00094 1.0746 0.63 -1.61 19.81 45676
2460281.46144 1.00184 0.00094 1.0743 -2.78 -0.43 19.96 33301
2460281.46159 1.00058 0.00094 1.074 -3.21 -1.08 20.2 40997
2460281.46174 1.0012 0.00094 1.0736 -3.39 0.79 20.48 39486
2460281.461891 1.0037 0.00094 1.0733 -1.63 -2.89 20.64 43863
2460281.462041 1.00229 0.00094 1.073 -1.8 -2.08 20.07 36959
2460281.462191 1.00179 0.00094 1.0726 -1.99 -0.04 20.64 36634
2460281.462341 1.0026 0.00094 1.0723 -4.01 -0.3 19.79 41544
2460281.462491 1.00089 0.00094 1.072 -3.17 -1.51 20.17 40670
2460281.462642 1.0036 0.00094 1.0717 -1.09 -0.48 20.58 34274
2460281.462792 1.00371 0.00094 1.0713 1.53 -1.24 20.14 39540
2460281.462942 1.00346 0.00094 1.071 2.02 -0.87 20.02 37377
2460281.463093 1.00172 0.00093 1.0707 4.08 -1.81 20.59 40344
2460281.463243 1.00169 0.00093 1.0704 -0.1 -0.21 20.54 33446
2460281.463393 1.0023 0.00093 1.07 -3.72 0.25 20.83 40947
2460281.463543 1.00201 0.00093 1.0697 -3.05 0.17 20.1 44878
2460281.463693 1.00181 0.00093 1.0694 -4.93 -1.29 19.75 39440
2460281.463844 1.00237 0.00093 1.0691 -1.61 0.5 20.31 40795
2460281.463994 1.00268 0.00093 1.0687 -1.78 -0.02 20.05 39585
2460281.464144 1.00237 0.00093 1.0684 -2.35 -1.99 19.69 40392
2460281.464294 1.00099 0.00093 1.0681 -5.39 -0.72 20.05 39357
2460281.464445 1.00244 0.00093 1.0678 -2.62 0.13 20.15 41068
2460281.464595 1.00082 0.00093 1.0675 -0.42 -1.94 19.8 40553
2460281.464745 1.00174 0.00093 1.0672 0.95 0.22 21.02 38784
2460281.464895 1.0015 0.00093 1.0669 1.98 -1.91 19.97 42093
2460281.465045 1.00129 0.00093 1.0665 0.61 -0.77 20.02 34477
2460281.465196 1.00153 0.00093 1.0662 -1.54 -0.85 20.0 40295
2460281.465346 1.00229 0.00093 1.0659 -2.02 -0.86 20.57 41095
2460281.465496 1.00205 0.00093 1.0656 -4.72 -2.02 20.85 43023
2460281.465646 1.00033 0.00093 1.0653 -1.98 -0.34 20.21 39281
2460281.465797 1.0013 0.00093 1.065 -1.26 -1.9 20.35 42612
2460281.465947 1.00289 0.00093 1.0647 -0.92 -0.09 20.79 42894
2460281.466097 1.00153 0.00093 1.0644 -3.92 -0.21 20.42 43320
2460281.466248 1.0007 0.00093 1.0641 -3.25 0.6 20.52 38353
2460281.466398 1.00194 0.00093 1.0638 -3.37 -1.27 19.97 42577
2460281.466548 1.00277 0.00093 1.0635 -2.03 -0.72 20.61 43645
2460281.466698 1.00178 0.00093 1.0632 0.15 0.07 21.16 40701
2460281.466849 1.0018 0.00093 1.0629 0.9 -0.37 20.35 39046
2460281.466999 1.0025 0.00093 1.0626 2.69 0.51 19.84 41547
2460281.467149 1.00195 0.00093 1.0623 0.71 -0.99 20.33 44564
2460281.467299 1.00238 0.00093 1.062 0.79 -1.54 19.39 43068
2460281.46745 1.00178 0.00093 1.0617 -1.68 -0.51 20.47 34184
2460281.4676 1.00141 0.00093 1.0614 -2.4 -0.65 19.58 45669
2460281.46775 1.00103 0.00093 1.0611 -2.34 -0.51 19.7 43280
2460281.4679 1.00266 0.00093 1.0608 -3.19 -1.3 19.9 39653
2460281.468051 1.00244 0.00093 1.0605 -2.52 -0.6 21.14 45401
2460281.468201 1.00212 0.00093 1.0602 -4.55 0.84 19.98 41980
2460281.468351 1.00159 0.00093 1.0599 -3.77 -1.35 20.05 40863
2460281.468502 1.00164 0.00093 1.0596 -3.48 0.38 19.81 41321
2460281.468652 1.00198 0.00093 1.0593 0.23 1.36 21.54 33969
2460281.468802 1.00359 0.00093 1.059 3.77 0.81 21.52 40397
2460281.468952 1.00203 0.00093 1.0588 4.29 0.0 20.09 39939
2460281.469102 1.00142 0.00093 1.0585 3.61 -1.2 20.8 41549
2460281.469252 1.0022 0.00093 1.0582 -1.14 0.81 20.98 34632
2460281.469402 1.00232 0.00093 1.0579 -2.84 -1.15 19.84 40681
2460281.469552 1.00137 0.00093 1.0576 -3.87 -0.34 21.2 40123
2460281.469702 1.00184 0.00093 1.0573 -2.78 -1.89 19.38 45999
2460281.469852 1.00147 0.00093 1.057 -3.04 -1.41 20.8 43643
2460281.470003 1.0009 0.00092 1.0568 -2.79 -2.52 20.04 46329
2460281.470153 1.00248 0.00093 1.0565 -2.27 -0.43 21.3 40049
2460281.470303 1.00315 0.00093 1.0562 -2.39 -0.93 19.58 46977
2460281.470453 1.00429 0.00093 1.0559 -1.61 0.54 20.87 39660
2460281.470603 1.00211 0.00092 1.0557 -0.45 1.88 20.94 38588
2460281.470753 1.00167 0.00092 1.0554 0.97 0.45 20.69 42912
2460281.470903 1.00093 0.00092 1.0551 1.61 -1.95 19.53 41639
2460281.471054 1.00011 0.00092 1.0548 -0.77 0.3 20.44 38952
2460281.471204 0.99996 0.00092 1.0546 -3.52 0.73 20.09 43921
2460281.471354 1.00233 0.00092 1.0543 -3.87 1.52 20.57 43258
2460281.471505 1.00288 0.00092 1.054 -3.89 0.29 20.22 44347
2460281.471655 1.00108 0.00092 1.0537 -1.8 0.12 20.53 40327
2460281.471805 1.00296 0.00092 1.0535 0.24 0.83 20.54 45523
2460281.471956 1.00188 0.00092 1.0532 -1.16 0.4 20.48 41522
2460281.472106 1.00215 0.00092 1.0529 -1.23 -0.82 20.54 44839
2460281.472256 1.00194 0.00092 1.0527 -1.11 0.24 19.48 45226
2460281.472406 1.00173 0.00092 1.0524 -0.05 0.62 21.13 45018
2460281.472557 1.00322 0.00092 1.0521 -0.08 0.73 19.82 46297
2460281.472707 1.00107 0.00092 1.0519 1.83 0.41 20.41 43923
2460281.472857 1.00106 0.00092 1.0516 -0.16 0.65 20.73 34860
2460281.473007 1.00192 0.00092 1.0513 -2.02 -0.52 20.14 43417
2460281.473157 1.00264 0.00092 1.0511 -3.98 1.21 20.41 46661
2460281.473307 1.00143 0.00092 1.0508 -4.62 0.12 20.66 44766
2460281.473458 1.00264 0.00092 1.0506 -1.52 1.14 21.1 41953
2460281.473608 1.00112 0.00092 1.0503 1.16 1.42 20.39 47269
2460281.473758 1.00194 0.00092 1.0501 1.43 0.78 20.5 45830
2460281.473908 1.00341 0.00092 1.0498 1.7 -1.11 19.39 52794
2460281.474059 1.00147 0.00092 1.0495 0.25 0.59 19.93 36125
2460281.474209 1.00175 0.00092 1.0493 -0.09 0.49 20.25 46988
2460281.474359 1.00275 0.00092 1.049 0.92 0.67 20.29 46114
2460281.47451 1.00192 0.00092 1.0488 1.1 -0.82 20.38 48600
2460281.47466 1.00198 0.00092 1.0485 0.72 1.21 20.29 40418
2460281.47481 1.0011 0.00092 1.0483 0.09 -0.77 20.14 47262
2460281.47496 1.00149 0.00092 1.048 -3.54 0.67 20.39 46174
2460281.47511 1.00236 0.00092 1.0478 -4.43 0.52 20.18 43523
2460281.475261 1.003 0.00092 1.0475 -1.71 0.49 20.21 42461
2460281.475411 1.00217 0.00092 1.0473 -1.91 0.33 19.9 44280
2460281.475561 1.00229 0.00092 1.047 0.85 0.76 20.58 39515
2460281.475712 1.00157 0.00092 1.0468 0.94 -0.64 20.54 48375
2460281.475862 1.00129 0.00092 1.0465 -1.02 1.74 20.05 36643
2460281.476012 1.0025 0.00092 1.0463 -2.94 1.24 19.86 44662
2460281.476162 1.00448 0.00092 1.046 -1.1 0.75 19.6 47821
2460281.476313 1.00116 0.00092 1.0458 -0.76 -0.3 20.4 48528
2460281.476463 1.00274 0.00092 1.0455 0.43 1.28 20.49 40834
2460281.476613 1.00152 0.00092 1.0453 0.29 0.63 19.52 43455
2460281.476763 1.00156 0.00092 1.0451 0.7 1.0 20.34 41827
2460281.476913 1.00149 0.00092 1.0448 -1.34 0.27 20.42 41975
2460281.477064 1.00171 0.00092 1.0446 -2.54 0.71 20.69 38781
2460281.477214 1.00177 0.00092 1.0444 -3.06 0.19 20.25 43718
2460281.477364 1.00185 0.00092 1.0441 -2.89 -0.76 20.16 45069
2460281.477514 1.00412 0.00092 1.0439 -1.31 -0.56 20.25 40821
2460281.477665 1.00194 0.00092 1.0436 0.17 0.49 19.48 41286
2460281.477815 1.00136 0.00092 1.0434 -0.47 -0.07 20.47 44252
2460281.477965 1.00143 0.00092 1.0432 -0.33 0.68 20.12 44505
2460281.478115 1.00102 0.00092 1.043 0.67 -1.77 19.16 41248
2460281.478266 1.00037 0.00091 1.0427 -0.03 -0.61 20.28 35915
2460281.478416 1.00135 0.00092 1.0425 1.25 -0.21 19.66 43722
2460281.478566 1.00078 0.00091 1.0423 1.11 0.34 20.12 43464
2460281.478716 1.00148 0.00091 1.042 1.42 -0.9 19.5 43940
2460281.478867 1.0018 0.00092 1.0418 -2.02 0.27 20.41 34422
2460281.479017 0.99981 0.00091 1.0416 -3.18 0.31 19.87 50169
2460281.479167 1.00116 0.00091 1.0414 -4.46 -0.83 19.85 43333
2460281.479317 1.00235 0.00091 1.0411 -4.04 0.18 20.1 41533
2460281.479468 1.00211 0.00091 1.0409 -0.39 0.51 20.06 46926
2460281.479618 1.00042 0.00091 1.0407 0.48 0.43 20.13 47582
2460281.479768 1.00133 0.00091 1.0404 1.12 0.09 19.45 53126
2460281.479918 1.00191 0.00091 1.0402 0.19 0.74 20.24 46926
2460281.480069 1.00074 0.00091 1.04 0.37 0.54 20.2 43323
2460281.480219 1.0017 0.00091 1.0398 0.64 -0.63 19.84 46899
2460281.480369 1.00148 0.00091 1.0396 1.47 0.31 19.8 48727
2460281.48052 1.0009 0.00091 1.0393 1.68 -3.18 20.05 44418
2460281.48067 1.00134 0.00091 1.0391 -1.1 0.73 20.03 36448
2460281.48082 1.00083 0.00091 1.0389 -2.42 1.18 19.97 44301
2460281.480971 1.00089 0.00091 1.0387 -3.97 0.01 19.53 46138
2460281.481121 1.00123 0.00091 1.0385 -4.38 -0.83 19.73 47234
2460281.481271 1.00053 0.00091 1.0383 -1.92 2.5 19.81 44440
2460281.481421 1.0013 0.00091 1.0381 0.81 -0.18 19.55 49787
2460281.481571 1.00121 0.00091 1.0378 0.99 1.15 20.02 49992
2460281.481721 1.0012 0.00091 1.0376 -1.08 -3.11 19.68 49235
2460281.481871 1.00082 0.00091 1.0374 -0.3 0.77 19.83 42750
2460281.482022 1.00142 0.00091 1.0372 -0.26 0.4 19.83 46637
2460281.482172 1.00161 0.00091 1.037 0.21 0.0 19.28 50264
2460281.482322 1.00067 0.00091 1.0368 0.4 0.35 19.78 46973
2460281.482473 1.00104 0.00091 1.0366 1.25 0.98 19.85 43196
2460281.482623 1.003 0.00091 1.0364 1.52 2.17 19.85 47511
2460281.482773 1.00223 0.00091 1.0362 -0.15 -0.43 19.47 47790
2460281.482924 1.00167 0.00091 1.036 -1.71 -0.85 19.8 47748
2460281.483074 1.00155 0.00091 1.0358 -2.42 0.01 19.73 43877
2460281.483224 1.00036 0.00091 1.0356 -0.53 1.76 19.83 50956
2460281.483374 1.00198 0.00091 1.0354 0.78 -0.17 19.61 44648
2460281.483525 1.00152 0.00091 1.0352 0.58 0.04 19.96 49258
2460281.483675 1.00209 0.00091 1.035 -1.03 1.54 19.59 40130
2460281.483825 1.00201 0.00091 1.0348 -1.86 1.07 19.1 49665
2460281.483976 1.00217 0.00091 1.0346 -2.23 1.21 19.59 46503
2460281.484126 1.0004 0.00091 1.0344 -0.26 0.69 20.15 44935
2460281.484276 1.0007 0.00091 1.0342 0.02 0.42 19.38 42535
2460281.484426 1.00096 0.00091 1.034 2.37 -0.31 19.28 47924
2460281.484577 1.0008 0.00091 1.0338 4.13 -0.36 19.83 50667
2460281.484727 1.00093 0.00091 1.0336 1.28 -1.81 18.47 46575
2460281.484877 1.00091 0.00091 1.0334 -1.0 0.69 20.33 33197
2460281.485028 1.00117 0.00091 1.0332 -2.89 0.67 19.61 47987
2460281.485178 1.00135 0.00091 1.033 -1.17 -0.9 19.55 47084
2460281.485328 1.00058 0.00091 1.0328 -0.98 0.29 18.73 50637
2460281.485479 1.00097 0.00091 1.0326 -1.05 0.3 19.74 41714
2460281.485629 1.00109 0.00091 1.0324 -1.71 2.06 19.2 46352
2460281.485779 1.00094 0.00091 1.0322 -2.56 2.04 19.69 47975
2460281.48593 1.00071 0.00091 1.0321 -3.3 0.71 19.17 53755
2460281.48608 1.0009 0.00091 1.0319 -1.41 1.74 19.57 46473
2460281.48623 1.00042 0.00091 1.0317 0.18 1.1 19.13 45329
2460281.48638 1.00091 0.00091 1.0315 2.98 0.81 19.44 42310
2460281.486531 0.99968 0.0009 1.0313 2.99 -0.23 19.07 52328
2460281.486681 1.00097 0.00091 1.0311 -0.47 1.07 19.22 37246
2460281.486831 1.00086 0.00091 1.0309 -3.59 0.98 19.92 52726
2460281.486981 1.0019 0.00091 1.0308 -2.67 0.36 19.79 45135
2460281.487132 1.00109 0.00091 1.0306 -1.54 1.57 19.35 43765
2460281.487282 1.00214 0.00091 1.0304 0.42 2.08 19.87 42980
2460281.487432 1.00091 0.00091 1.0302 1.29 0.0 19.55 43980
2460281.487583 1.00105 0.00091 1.03 0.19 2.06 19.74 47205
2460281.487733 0.99997 0.0009 1.0299 -0.01 -0.98 19.87 44338
2460281.487883 1.00132 0.00091 1.0297 -0.01 0.99 19.99 39955
2460281.488033 1.00084 0.0009 1.0295 0.01 0.44 19.77 47095
2460281.488184 1.00123 0.00091 1.0293 0.44 0.88 19.42 43314
2460281.488334 1.00083 0.0009 1.0292 1.74 0.59 20.31 39170
2460281.488484 1.00114 0.00091 1.029 0.39 2.04 19.21 36048
2460281.488635 1.00204 0.00091 1.0288 -1.7 0.58 19.86 43486
2460281.488785 0.99968 0.0009 1.0286 -3.42 1.27 20.07 39754
2460281.488935 0.99968 0.0009 1.0285 -3.85 -1.62 19.48 42440
2460281.489086 1.00039 0.0009 1.0283 -1.3 1.81 19.99 42251
2460281.489236 1.00178 0.0009 1.0281 0.36 1.6 19.53 45547
2460281.489386 1.00183 0.0009 1.028 1.84 0.72 19.73 47967
2460281.489536 1.00126 0.0009 1.0278 0.88 -0.23 19.88 47330
2460281.489686 1.0007 0.0009 1.0276 -1.56 0.75 19.57 41721
2460281.489836 1.0012 0.0009 1.0275 -0.16 -0.43 19.62 49190
2460281.489986 1.00125 0.0009 1.0273 -0.58 -0.08 19.62 46513
2460281.490137 0.99968 0.0009 1.0271 0.43 0.66 19.3 47556
2460281.490287 1.0009 0.0009 1.027 1.6 0.22 19.48 41823
2460281.490437 1.00087 0.0009 1.0268 0.79 0.26 20.09 49191
2460281.490587 1.0004 0.0009 1.0266 -1.06 0.14 19.45 51783
2460281.490738 1.00247 0.0009 1.0265 -1.38 0.72 19.61 48572
2460281.490888 1.00121 0.0009 1.0263 -1.28 2.08 19.84 46213
2460281.491038 1.00067 0.0009 1.0262 -1.41 0.38 19.41 47323
2460281.491188 1.00215 0.0009 1.026 -0.42 -0.22 19.96 49227
2460281.491339 1.00255 0.0009 1.0258 0.26 -0.49 19.49 46340
2460281.491489 1.0022 0.0009 1.0257 -1.52 1.54 20.05 43452
2460281.491639 1.00138 0.0009 1.0255 -1.89 0.34 19.66 45985
2460281.49179 1.00086 0.0009 1.0254 -1.97 1.57 19.37 45567
2460281.49194 1.00075 0.0009 1.0252 -2.55 1.23 19.78 44254
2460281.49209 1.0016 0.0009 1.0251 -0.85 1.23 19.63 47198
2460281.492241 1.00156 0.0009 1.0249 2.96 0.68 19.4 42976
2460281.492391 1.00153 0.0009 1.0247 3.54 -1.14 19.61 41642
2460281.492541 1.00009 0.0009 1.0246 1.61 -1.9 18.77 40672
2460281.492691 1.00042 0.0009 1.0244 -0.23 1.33 19.76 36489
2460281.492842 1.00139 0.0009 1.0243 -1.4 1.05 19.85 43240
2460281.492992 1.00139 0.0009 1.0241 -1.47 0.66 19.14 47994
2460281.493142 1.0004 0.0009 1.024 -1.55 -0.08 20.29 40661
2460281.493292 1.00169 0.0009 1.0239 -0.71 -0.21 19.76 40916
2460281.493441 1.00089 0.0009 1.0237 -2.9 0.44 19.5 46915
2460281.493591 0.99889 0.0009 1.0236 -2.16 0.18 18.91 44698
2460281.493741 1.00166 0.0009 1.0234 -1.51 0.36 19.15 45105
2460281.493892 1.00205 0.0009 1.0233 -0.26 0.95 20.0 42418
2460281.494042 1.00176 0.0009 1.0231 1.23 -1.39 20.18 50508
2460281.494192 1.00161 0.0009 1.023 3.02 -0.99 19.51 49065
2460281.494342 1.00023 0.0009 1.0228 2.07 -1.58 18.92 46991
2460281.494493 1.00119 0.0009 1.0227 -1.22 1.5 18.89 38778
2460281.494643 1.00174 0.0009 1.0226 -2.69 1.8 19.09 49157
2460281.494793 1.00008 0.0009 1.0224 -3.06 0.96 19.41 43712
2460281.494944 1.00247 0.0009 1.0223 -2.66 -0.37 19.01 46793
2460281.495094 1.00077 0.0009 1.0221 1.03 0.6 18.94 45062
2460281.495244 1.00283 0.0009 1.022 2.52 1.26 19.82 45869
2460281.495394 1.00045 0.0009 1.0219 -0.5 0.73 19.6 46437
2460281.495545 1.00265 0.0009 1.0217 0.42 -1.71 19.37 46064
2460281.495695 1.00229 0.0009 1.0216 0.53 0.1 19.04 44028
2460281.495845 1.00099 0.0009 1.0215 0.13 0.03 19.95 45056
2460281.495995 1.00164 0.0009 1.0213 1.66 0.6 19.52 43668
2460281.496146 1.00231 0.0009 1.0212 1.55 0.49 19.61 43311
2460281.496296 1.0009 0.0009 1.0211 -0.41 0.27 19.82 37786
2460281.496446 1.00087 0.0009 1.0209 -3.48 0.43 19.76 41179
2460281.496596 1.00145 0.0009 1.0208 -3.67 -1.61 19.54 43891
2460281.496747 1.00118 0.0009 1.0207 -4.98 -1.8 18.87 43592
2460281.496897 1.00195 0.0009 1.0205 -0.41 0.27 20.02 47017
2460281.497047 1.00242 0.0009 1.0204 1.47 1.91 19.36 42400
2460281.497198 1.00165 0.0009 1.0203 1.38 -0.14 19.48 44758
2460281.497348 1.0012 0.0009 1.0202 1.8 -0.19 18.96 46860
2460281.497498 1.00164 0.0009 1.02 0.4 0.54 19.29 35203
2460281.497648 1.00136 0.0009 1.0199 -0.26 -0.61 19.28 42411
2460281.497799 1.00002 0.0009 1.0198 -0.02 0.93 19.3 46565
2460281.497949 1.00195 0.0009 1.0197 -0.17 0.39 18.55 48427
2460281.498099 1.00086 0.0009 1.0195 -0.11 1.6 19.04 44947
2460281.498249 1.00214 0.0009 1.0194 -1.19 2.0 19.05 46603
2460281.4984 1.0017 0.0009 1.0193 -3.23 0.5 19.27 44438
2460281.49855 1.00027 0.0009 1.0192 -3.49 0.15 19.06 49084
2460281.498701 1.00095 0.0009 1.0191 -2.66 1.55 19.39 46518
2460281.498851 0.99952 0.0009 1.0189 -1.38 0.58 19.39 45102
2460281.499001 1.00216 0.0009 1.0188 -0.3 0.38 19.27 47370
2460281.499152 1.00142 0.0009 1.0187 -0.48 -2.03 19.01 45678
2460281.499302 1.00098 0.0009 1.0186 -1.23 0.77 19.34 42792
2460281.499452 1.00155 0.0009 1.0185 -1.2 0.2 19.63 45324
2460281.499603 1.00096 0.0009 1.0184 -1.28 -0.98 18.72 45591
2460281.499753 1.00069 0.0009 1.0182 -0.52 0.19 19.23 45519
2460281.499903 1.00078 0.0009 1.0181 0.52 0.63 19.84 42017
2460281.500054 1.00068 0.0009 1.018 2.4 1.68 19.14 46304
2460281.500204 1.00201 0.0009 1.0179 -0.25 0.27 18.91 42879
2460281.500354 1.00155 0.0009 1.0178 -1.97 -0.63 18.98 41531
2460281.500504 1.00088 0.0009 1.0177 -2.9 -2.02 18.99 47370
2460281.500654 1.00151 0.0009 1.0176 -3.55 -2.6 18.51 48033
2460281.500805 1.00208 0.0009 1.0175 -3.89 -1.71 18.06 50210
2460281.500955 1.00019 0.00089 1.0174 -2.47 -2.53 18.59 44293
2460281.501105 1.00201 0.0009 1.0173 0.24 0.5 19.2 44443
2460281.501255 1.00071 0.0009 1.0172 -0.58 0.23 18.86 46665
2460281.501406 1.00083 0.0009 1.0171 -0.49 0.01 19.0 47912
2460281.501556 1.00048 0.0009 1.0169 -0.42 -1.08 18.73 49028
2460281.501706 1.00092 0.00089 1.0168 -0.53 0.94 18.89 48583
2460281.501856 1.0009 0.0009 1.0167 0.74 -0.02 19.2 48276
2460281.502006 1.00051 0.0009 1.0166 0.67 0.1 18.77 47475
2460281.502157 1.00115 0.0009 1.0165 -1.14 -0.11 19.65 45546
2460281.502307 1.00104 0.0009 1.0164 -2.37 0.47 19.08 41710
2460281.502457 0.99925 0.00089 1.0163 -4.79 -0.41 18.02 48737
2460281.502607 0.99961 0.00089 1.0162 -5.86 2.91 19.62 44434
2460281.502758 1.00084 0.0009 1.0161 -5.45 0.3 19.61 47183
2460281.502908 1.00113 0.0009 1.016 -0.01 0.47 19.84 35871
2460281.503058 1.00099 0.0009 1.0159 1.7 -0.43 19.12 45422
2460281.503208 1.00037 0.00089 1.0159 0.81 0.51 19.3 46083
2460281.503359 0.99995 0.00089 1.0158 0.66 -0.09 18.92 45750
2460281.503509 1.00014 0.00089 1.0157 0.65 0.18 18.77 46733
2460281.503659 1.00002 0.00089 1.0156 0.8 0.63 18.91 42389
2460281.503809 1.00072 0.00089 1.0155 1.41 1.15 18.88 46716
2460281.503959 1.0008 0.00089 1.0154 3.4 0.85 19.12 47284
2460281.50411 1.00147 0.00089 1.0153 0.04 0.82 18.95 36887
2460281.50426 1.00089 0.00089 1.0152 -2.72 -2.01 18.71 44761
2460281.50441 1.00079 0.00089 1.0151 -3.59 -1.97 18.25 44159
2460281.50456 1.00212 0.0009 1.015 -5.04 -0.31 21.7 47407
2460281.504711 1.00095 0.00089 1.0149 -0.81 -1.18 19.23 43035
2460281.504861 1.00085 0.00089 1.0148 0.33 0.27 18.69 50806
2460281.505012 1.0008 0.00089 1.0148 1.43 -1.85 18.45 37756
2460281.505162 1.00126 0.00089 1.0147 1.45 -0.88 18.42 45288
2460281.505313 1.00138 0.0009 1.0146 -0.51 -0.92 20.31 38024
2460281.505462 1.00012 0.00089 1.0145 1.05 0.44 18.79 47539
2460281.505612 1.00025 0.00089 1.0144 0.74 -0.25 19.25 41774
2460281.505762 1.00091 0.00089 1.0143 0.27 -0.12 18.33 45032
2460281.505912 0.99989 0.00089 1.0143 2.79 0.81 18.89 43254
2460281.506063 0.99997 0.00089 1.0142 0.88 1.95 18.37 49337
2460281.506213 1.0004 0.00089 1.0141 -0.55 0.29 18.7 45265
2460281.506363 1.00074 0.00089 1.014 -0.71 0.37 18.15 46256
2460281.506514 1.00019 0.00089 1.0139 -1.6 1.38 19.1 48808
2460281.506664 1.00057 0.00089 1.0139 -1.13 0.92 19.02 45180
2460281.506814 1.0003 0.00089 1.0138 1.27 -0.2 18.89 43953
2460281.506964 0.9998 0.00089 1.0137 1.13 -1.58 18.3 43287
2460281.507114 1.00053 0.00089 1.0136 -0.87 0.02 19.32 35539
2460281.507265 1.00067 0.00089 1.0136 -0.8 -0.44 18.85 39590
2460281.507415 1.00133 0.00089 1.0135 0.09 0.61 18.91 40142
2460281.507565 1.00068 0.00089 1.0134 -0.72 -2.64 18.33 36406
2460281.507716 1.00097 0.00089 1.0133 0.17 0.16 19.03 39429
2460281.507866 1.00032 0.00089 1.0133 2.95 0.67 19.29 41417
2460281.508016 1.00046 0.00089 1.0132 1.87 1.77 18.98 47385
2460281.508166 1.00101 0.00089 1.0131 0.21 0.3 18.57 44293
2460281.508316 1.00069 0.00089 1.0131 -1.82 1.71 18.7 39168
2460281.508467 1.00069 0.00089 1.013 -2.77 1.71 18.96 39523
2460281.508617 1.00086 0.00089 1.0129 -1.35 0.25 19.22 41735
2460281.508767 1.00103 0.00089 1.0128 -0.25 0.14 18.69 48436
2460281.508917 1.00051 0.00089 1.0128 0.2 -2.28 18.28 43719
2460281.509068 1.00155 0.00089 1.0127 -2.17 -0.87 18.24 40906
2460281.509218 1.00091 0.00089 1.0126 -2.35 -0.82 18.27 41631
2460281.509368 1.00016 0.00089 1.0126 -1.22 -3.25 18.77 39070
2460281.509518 0.99887 0.00089 1.0125 0.97 0.01 19.74 41967
2460281.509669 1.00008 0.00089 1.0125 1.15 -0.0 18.32 40338
2460281.509819 1.00099 0.00089 1.0124 1.58 -0.04 19.02 43063
2460281.509969 0.99925 0.00089 1.0123 3.23 -1.37 18.43 38890
2460281.510119 1.00091 0.00089 1.0123 -0.81 0.82 19.32 32703
2460281.51027 1.00118 0.00089 1.0122 -2.77 2.06 19.08 39651
2460281.51042 0.99924 0.00089 1.0122 -3.73 1.49 19.29 41766
2460281.51057 1.00069 0.00089 1.0121 -3.08 0.23 18.98 36329
2460281.510721 0.99994 0.00089 1.012 1.68 0.81 19.14 36384
2460281.510871 0.99938 0.00089 1.012 1.44 1.22 18.94 33791
2460281.511021 0.99871 0.00089 1.0119 0.18 1.13 19.58 34103
2460281.511171 0.99936 0.00089 1.0119 -1.54 0.44 19.54 33829
2460281.511322 1.00069 0.00089 1.0118 -1.86 -0.8 19.3 27798
2460281.511472 0.99884 0.00089 1.0118 -0.55 -1.45 19.44 32655
2460281.511622 0.99887 0.00089 1.0117 2.0 0.74 20.01 28333
2460281.511772 0.99902 0.00089 1.0117 3.17 -0.91 19.98 32103
2460281.511922 1.00037 0.00089 1.0116 0.61 0.61 19.77 27816
2460281.512073 0.99872 0.00089 1.0116 -0.56 0.74 19.71 28775
2460281.512223 1.00065 0.00089 1.0115 -1.57 1.65 19.57 34261
2460281.512373 0.99987 0.00089 1.0115 -3.43 1.14 19.42 36725
2460281.512523 1.00088 0.00089 1.0114 -1.3 -1.46 19.56 31848
2460281.512673 1.00066 0.00089 1.0114 -0.82 -0.28 18.74 36035
2460281.512824 0.99884 0.00089 1.0113 -1.86 -2.67 18.76 35225
2460281.512974 1.00088 0.00089 1.0113 -2.28 -3.14 18.77 33869
2460281.513125 1.00074 0.00089 1.0112 -1.04 1.42 19.52 30564
2460281.513275 1.00013 0.00089 1.0112 -0.99 1.28 19.05 33630
2460281.513425 1.00058 0.00089 1.0111 -1.67 0.2 20.05 29581
2460281.513575 1.00027 0.00089 1.0111 -0.46 0.02 19.4 35480
2460281.513726 0.99985 0.00089 1.0111 1.62 1.77 19.59 38313
2460281.513876 1.00124 0.00089 1.011 3.79 0.1 19.44 36329
2460281.514026 0.99926 0.00089 1.011 4.33 -0.15 20.37 28353
2460281.514176 1.00077 0.00089 1.0109 2.04 -2.02 19.44 28411
2460281.514326 1.00003 0.00089 1.0109 -0.22 0.1 19.59 26629
2460281.514477 1.00131 0.00089 1.0109 -1.55 0.07 20.46 26363
2460281.514627 1.00167 0.00089 1.0108 -2.08 -0.27 20.01 29854
2460281.514777 0.99859 0.00089 1.0108 -1.36 -1.55 20.18 27918
2460281.514927 1.00093 0.00089 1.0107 -4.22 -0.32 20.33 24387
2460281.515078 1.00016 0.00089 1.0107 -3.36 -0.67 21.59 25972
2460281.515228 0.99936 0.00089 1.0107 -5.04 0.1 20.46 23038
2460281.515528 1.00096 0.00089 1.0106 0.58 -0.13 20.67 24347
2460281.515679 0.99883 0.00089 1.0106 1.9 -2.04 20.38 24037
2460281.515829 1.00013 0.00089 1.0105 6.45 2.06 20.39 26113
2460281.515979 0.9999 0.00089 1.0105 7.5 -0.88 20.66 25556
2460281.516129 1.00037 0.00089 1.0105 -0.53 -1.26 21.55 18484
2460281.516279 1.00053 0.00089 1.0104 -2.94 -0.65 20.38 26635
2460281.51643 1.00032 0.00089 1.0104 -2.43 -4.39 20.45 22013
2460281.51658 0.99956 0.00089 1.0104 -2.59 -2.64 20.87 23776
2460281.51673 1.00037 0.00089 1.0104 -0.14 -1.16 19.84 25991
2460281.51688 0.9999 0.00089 1.0103 -2.4 -0.8 20.88 26563
2460281.517031 1.00006 0.00089 1.0103 -3.28 1.7 21.44 25771
2460281.517181 1.00105 0.00089 1.0103 -3.16 -2.93 20.07 22350
2460281.517331 0.99921 0.00089 1.0103 -1.6 -1.56 19.92 23228
2460281.51748 1.00075 0.00089 1.0102 1.78 1.54 19.84 28407
2460281.517631 0.99899 0.00089 1.0102 3.76 2.38 19.96 29041
2460281.517781 0.99972 0.00089 1.0102 5.8 0.35 20.97 23361
2460281.517931 1.0012 0.00089 1.0102 0.08 1.29 19.86 26517
2460281.518081 1.00009 0.00089 1.0102 -1.92 1.69 19.84 25501
2460281.518231 0.99862 0.00089 1.0101 -3.15 0.96 20.57 28955
2460281.518382 1.00022 0.00089 1.0101 -1.85 -0.16 20.08 26389
2460281.518532 1.00037 0.00089 1.0101 -1.87 1.2 19.68 32217
2460281.518682 1.00003 0.00089 1.0101 -0.67 2.27 20.03 30709
2460281.518832 0.99974 0.00089 1.0101 -2.34 0.91 20.44 29701
2460281.518983 0.99881 0.00089 1.01 -5.17 1.43 20.49 27411
2460281.519133 0.99989 0.00089 1.01 -0.87 0.36 20.41 24002
2460281.519283 1.00003 0.00089 1.01 1.33 -0.13 20.78 27645
2460281.519433 1.00003 0.00089 1.01 0.92 -1.01 19.86 26200
2460281.519584 1.00021 0.00089 1.01 3.97 -0.11 19.88 26566
2460281.519734 0.99882 0.00089 1.01 3.62 -0.46 20.46 25473
2460281.519885 1.00105 0.00089 1.01 1.75 -2.97 20.67 28749
2460281.520035 0.9999 0.00089 1.01 1.12 -1.36 20.13 26674
2460281.520185 1.001 0.00089 1.0099 0.43 0.06 21.13 26999
2460281.520335 1.00057 0.00089 1.0099 -0.66 0.85 19.77 31332
2460281.520486 1.00071 0.00089 1.0099 -0.83 -2.15 21.45 26132
2460281.520636 1.00018 0.00089 1.0099 -4.25 -1.24 20.48 25432
2460281.520786 0.9987 0.00089 1.0099 -5.5 -2.56 19.9 22199
2460281.520936 0.99995 0.00089 1.0099 -1.88 -0.34 21.53 21277
2460281.521086 1.00053 0.00089 1.0099 -0.84 0.65 20.73 34533
2460281.521237 0.99959 0.00089 1.0099 -0.78 0.85 19.57 34043
2460281.521387 1.00021 0.00089 1.0099 2.13 0.49 19.7 37089
2460281.521537 1.00088 0.00089 1.0099 3.28 0.15 19.92 35684
2460281.521688 0.9995 0.00089 1.0099 4.68 1.72 19.75 34470
2460281.521838 0.99967 0.00089 1.0099 6.15 2.26 20.2 34799
2460281.521988 0.99976 0.00089 1.0099 5.84 -0.58 20.62 28907
2460281.522138 0.99963 0.00089 1.0099 0.42 -0.02 20.9 24316
2460281.522288 0.99946 0.00089 1.0099 -2.73 0.93 20.36 32630
2460281.522439 0.99906 0.00089 1.0099 -3.98 1.94 19.92 31951
2460281.522589 0.99924 0.00089 1.0099 -4.86 0.03 20.28 27880
2460281.522739 1.00018 0.00089 1.0099 -2.46 0.8 21.38 27114
2460281.522889 1.00085 0.00089 1.0099 -3.04 -0.99 20.93 24315
2460281.523039 0.99963 0.00089 1.0099 -3.29 -0.77 20.55 25176
2460281.52319 0.99969 0.00089 1.0099 -1.57 0.19 20.16 33738
2460281.52334 1.00054 0.00089 1.0099 2.34 -0.4 20.76 28944
2460281.52349 0.99907 0.00089 1.0099 5.6 0.26 20.1 34161
2460281.523641 0.99916 0.00089 1.0099 9.43 0.68 19.47 42064
2460281.523791 0.99938 0.00089 1.0099 9.43 -0.43 19.59 41296
2460281.523941 0.99781 0.00089 1.0099 0.98 1.74 19.67 35299
2460281.524091 0.99951 0.00089 1.01 -2.86 0.79 20.57 36730
2460281.524242 0.99913 0.00089 1.01 -4.8 1.24 19.6 37179
2460281.524392 0.99971 0.00089 1.01 -6.84 -0.02 19.97 31541
2460281.524542 0.99961 0.00089 1.01 -3.31 -1.16 20.64 32943
2460281.524692 0.99897 0.00089 1.01 -2.27 -0.4 19.56 41588
2460281.524843 1.00079 0.00089 1.01 -0.72 -0.02 20.41 35441
2460281.524993 1.00023 0.00089 1.01 3.84 -0.78 19.63 37366
2460281.525144 1.00022 0.00089 1.01 4.08 -0.89 20.89 37756
2460281.525294 0.99938 0.00089 1.0101 7.79 -0.86 20.3 36077
2460281.525444 0.99702 0.00089 1.0101 10.24 2.29 19.67 42963
2460281.525595 0.9975 0.00089 1.0101 13.62 1.24 19.96 42236
2460281.525745 0.99952 0.00089 1.0101 1.36 0.24 23.08 27051
2460281.525896 1.0001 0.00089 1.0101 -7.39 0.35 20.75 35389
2460281.526046 1.00044 0.00089 1.0102 -10.31 0.58 19.93 34724
2460281.526196 0.99953 0.00089 1.0102 -14.61 -0.37 18.54 45867
2460281.526346 0.99813 0.00089 1.0102 -4.55 -1.07 23.09 38274
2460281.526497 0.99938 0.00089 1.0102 -3.28 0.36 19.69 48428
2460281.526647 0.99919 0.00089 1.0102 -1.66 0.04 19.76 45404
2460281.526797 0.999 0.00089 1.0103 -1.39 1.13 19.77 41376
2460281.526947 0.99926 0.00089 1.0103 3.69 0.26 20.24 32446
2460281.527097 1.00053 0.00089 1.0103 5.58 0.91 19.48 40398
2460281.527248 0.99962 0.00089 1.0103 11.21 -0.17 19.86 35951
2460281.527398 0.9976 0.00089 1.0104 12.69 -2.71 19.31 44996
2460281.527548 0.99965 0.00089 1.0104 3.12 0.73 20.43 34105
2460281.527698 1.00006 0.00089 1.0104 -3.56 0.53 20.0 37533
2460281.527849 0.99822 0.00089 1.0104 -7.47 0.49 20.27 33638
2460281.527999 1.00011 0.00089 1.0105 -11.1 0.51 19.13 38834
2460281.528149 0.99944 0.00089 1.0105 -6.07 -1.76 21.37 43329
2460281.5283 1.00005 0.00089 1.0105 -3.22 -1.55 19.18 43733
2460281.52845 1.00047 0.00089 1.0106 -2.75 -0.15 18.74 48158
2460281.5286 0.99918 0.00089 1.0106 -3.95 -0.57 19.71 49185
2460281.528751 1.00107 0.00089 1.0106 -0.93 2.09 20.02 37268
2460281.528901 1.00082 0.00089 1.0107 4.12 -0.21 19.38 43677
2460281.529051 0.99946 0.00089 1.0107 5.06 0.9 18.68 50369
2460281.529201 1.00086 0.00089 1.0107 6.68 0.2 19.11 49302
2460281.529351 1.00004 0.00089 1.0108 1.46 0.03 18.97 36858
2460281.5295 1.00039 0.00089 1.0108 0.5 3.07 19.25 41032
2460281.529651 0.99954 0.00089 1.0108 -3.41 0.95 19.8 44290
2460281.529801 0.99997 0.00089 1.0109 -7.13 0.28 20.31 36412
2460281.529951 1.00053 0.00089 1.0109 -4.84 0.14 19.52 38169
2460281.530101 0.9996 0.00089 1.011 -4.32 -1.19 18.79 46300
2460281.530252 0.99909 0.00089 1.011 -2.39 0.44 19.41 41248
2460281.530402 0.99894 0.00089 1.011 -0.06 -0.1 19.42 46517
2460281.530552 1.00012 0.00089 1.0111 -1.14 -0.49 19.59 45528
2460281.530702 0.99966 0.00089 1.0111 1.51 0.2 20.14 42641
2460281.530853 0.99882 0.00089 1.0112 4.33 -1.37 19.07 47093
2460281.531003 1.0003 0.00089 1.0112 5.09 -3.57 18.86 47496
2460281.531153 1.0004 0.00089 1.0113 2.47 -0.24 19.22 31315
2460281.531304 0.99946 0.00089 1.0113 0.73 1.62 19.1 44913
2460281.531454 1.0005 0.00089 1.0114 -0.69 1.43 19.7 38874
2460281.531604 0.99952 0.00089 1.0114 -2.29 -1.07 19.56 43077
2460281.531755 0.9998 0.00089 1.0115 -5.21 0.68 19.79 40921
2460281.531905 0.99973 0.00089 1.0115 -7.0 -0.19 19.76 41036
2460281.532055 1.0002 0.00089 1.0116 -6.53 -0.19 19.14 46794
2460281.532205 0.99973 0.00089 1.0116 -4.31 1.65 19.55 44453
2460281.532355 0.99985 0.00089 1.0117 1.37 -0.71 20.36 37976
2460281.532506 1.0003 0.00089 1.0117 2.33 2.1 19.85 47215
2460281.532656 1.00042 0.00089 1.0118 2.04 -0.21 19.09 50610
2460281.532806 0.99887 0.00089 1.0118 3.49 -0.96 19.21 47098
2460281.532957 1.00029 0.00089 1.0119 0.47 -0.07 19.0 38941
2460281.533107 0.99868 0.00089 1.0119 0.81 -0.64 19.11 50828
2460281.533257 1.00225 0.00089 1.012 2.16 -1.59 19.24 45379
2460281.533407 0.9998 0.00089 1.012 0.82 -2.17 18.71 45655
2460281.533558 0.99897 0.00089 1.0121 -1.6 0.45 19.67 36007
2460281.533708 0.99842 0.00089 1.0121 -3.11 0.81 19.75 39126
2460281.533858 0.99994 0.00089 1.0122 -3.42 0.22 19.24 45541
2460281.534009 1.001 0.00089 1.0123 -3.62 -0.35 19.06 46239
2460281.534159 0.99957 0.00089 1.0123 0.71 -0.23 20.65 36636
2460281.534309 0.99996 0.00089 1.0124 3.05 0.71 19.27 43945
2460281.534459 1.00145 0.00089 1.0125 2.67 -0.78 20.02 44036
2460281.53461 0.99886 0.00089 1.0125 1.97 -0.6 20.12 41851
2460281.53476 1.0011 0.00089 1.0126 1.36 0.01 20.11 42148
2460281.53491 0.99989 0.00089 1.0126 0.66 0.66 19.86 40195
2460281.53506 0.99947 0.00089 1.0127 0.23 -0.38 19.95 43649
2460281.535211 1.00013 0.00089 1.0128 2.48 -0.6 19.09 43765
2460281.535361 1.00026 0.00089 1.0128 0.74 -0.86 19.24 40556
2460281.535511 1.00026 0.00089 1.0129 0.85 -1.24 20.18 44000
2460281.535661 1.00049 0.00089 1.013 -1.22 -0.14 18.87 49800
2460281.535812 1.00119 0.00089 1.013 -3.09 -2.31 18.67 47778
2460281.535962 1.00004 0.00089 1.0131 -1.37 -0.8 19.41 43223
2460281.536112 0.99972 0.00089 1.0132 1.42 0.28 19.33 42387
2460281.536262 0.99988 0.00089 1.0133 3.1 -0.35 19.3 49182
2460281.536413 1.00102 0.00089 1.0133 2.44 -0.24 19.72 44866
2460281.536563 0.99997 0.00089 1.0134 1.45 -1.46 20.57 39124
2460281.536713 1.00044 0.00089 1.0135 -0.82 -1.4 19.08 47304
2460281.536864 0.9989 0.00089 1.0135 -0.83 1.07 18.66 50170
2460281.537014 1.00065 0.00089 1.0136 -0.65 0.14 19.76 47153
2460281.537164 1.00007 0.00089 1.0137 1.35 -0.69 19.81 42124
2460281.537314 0.99938 0.00089 1.0138 1.52 -0.38 18.89 47763
2460281.537464 0.9991 0.00089 1.0138 0.86 0.87 19.46 45373
2460281.537615 1.00133 0.00089 1.0139 -0.08 0.31 19.58 47264
2460281.537765 0.99942 0.00089 1.014 -0.76 -0.87 19.11 46181
2460281.537915 0.99956 0.00089 1.0141 0.56 -1.55 19.65 45593
2460281.538065 0.9994 0.00089 1.0142 0.91 -1.33 18.92 50332
2460281.538216 0.99975 0.00089 1.0142 -1.1 -2.52 18.41 51543
2460281.538366 0.99824 0.00089 1.0143 -0.59 2.13 19.18 46001
2460281.538516 0.99883 0.00089 1.0144 -2.94 0.33 19.27 45109
2460281.538666 0.99917 0.00089 1.0145 -1.31 -0.25 19.34 46823
2460281.538817 1.00025 0.00089 1.0146 -2.76 -0.24 19.2 47858
2460281.538967 0.99885 0.00089 1.0147 -1.06 0.56 19.83 38617
2460281.539117 0.9989 0.00089 1.0147 1.86 -0.78 19.77 46889
2460281.539268 1.00121 0.00089 1.0148 5.53 -0.44 19.42 50524
2460281.539418 1.00036 0.00089 1.0149 4.42 -1.91 19.4 51811
2460281.539568 0.99982 0.00089 1.015 -0.62 -0.26 19.09 36875
2460281.539718 0.99942 0.00089 1.0151 -0.66 0.12 19.46 48320
2460281.539868 0.99979 0.00089 1.0152 -1.13 -0.26 19.55 48495
2460281.540019 0.9996 0.00089 1.0153 -1.92 -0.81 19.51 47779
2460281.540169 0.99965 0.00089 1.0154 -1.25 -0.58 19.61 44719
2460281.540319 0.99868 0.00089 1.0155 -4.12 -0.44 19.88 42151
2460281.540469 0.99977 0.00089 1.0156 -5.64 -1.08 19.47 46389
2460281.540619 0.99856 0.00089 1.0157 -6.27 -1.38 20.3 48439
2460281.54077 0.99875 0.00089 1.0157 -1.4 -1.07 20.94 39549
2460281.54092 0.99853 0.00089 1.0158 1.32 0.96 19.11 43855
2460281.54107 0.99978 0.0009 1.0159 4.31 1.43 19.84 37090
2460281.54122 0.99965 0.00089 1.016 6.87 -0.44 19.24 46992
2460281.54137 0.99823 0.00089 1.0161 3.87 0.8 19.24 38872
2460281.54152 0.99923 0.00089 1.0162 -0.68 -0.07 19.28 44976
2460281.54167 0.99897 0.00089 1.0163 -2.11 -0.81 19.8 46206
2460281.54182 0.99938 0.00089 1.0164 -0.4 -1.86 19.74 45137
2460281.541971 0.99965 0.0009 1.0165 -0.72 1.2 19.6 42877
2460281.542121 0.99851 0.00089 1.0166 -1.0 -0.48 20.11 44992
2460281.542271 0.99969 0.00089 1.0167 -2.01 0.55 20.16 46229
2460281.542421 0.9992 0.0009 1.0168 -6.11 1.16 19.41 45277
2460281.542572 1.00035 0.0009 1.0169 -0.88 1.28 20.25 39605
2460281.542722 1.00147 0.0009 1.017 -0.15 -0.58 20.46 44506
2460281.542872 0.9996 0.0009 1.0171 2.56 -0.08 20.21 39915
2460281.543022 0.99994 0.0009 1.0172 5.2 1.71 20.36 34350
2460281.543172 1.00097 0.0009 1.0174 2.66 1.04 19.73 37922
2460281.543323 0.99935 0.0009 1.0175 1.26 0.91 19.64 44125
2460281.543473 1.0006 0.0009 1.0176 0.82 -0.06 19.46 43158
2460281.543623 1.00006 0.0009 1.0177 -0.9 0.07 19.55 46083
2460281.543773 0.99911 0.0009 1.0178 -0.35 0.39 19.8 40494
2460281.543923 0.99965 0.0009 1.0179 -0.33 0.98 20.8 42225
2460281.544074 0.99884 0.0009 1.018 -0.88 -0.26 19.66 42653
2460281.544224 0.99982 0.0009 1.0181 -4.78 -1.22 20.25 40545
2460281.544374 0.99795 0.00089 1.0182 -1.92 1.22 20.12 37583
2460281.544524 0.99904 0.0009 1.0183 -1.3 1.14 20.04 42250
2460281.544675 0.9989 0.0009 1.0185 -0.42 2.19 20.57 40708
2460281.544825 0.99949 0.0009 1.0186 -0.1 -0.07 19.44 42363
2460281.544975 1.00052 0.0009 1.0187 2.87 0.13 20.05 36949
2460281.545125 0.99897 0.0009 1.0188 5.89 0.5 20.06 44488
2460281.545276 0.99859 0.0009 1.0189 4.14 -0.56 19.64 43252
2460281.545425 0.99905 0.0009 1.019 5.28 -0.16 20.12 43044
2460281.545576 0.99881 0.0009 1.0192 -0.68 0.86 19.69 36667
2460281.545726 1.0013 0.0009 1.0193 -0.45 0.23 19.24 44521
2460281.545876 0.99893 0.0009 1.0194 1.23 -0.06 20.48 41157
2460281.546027 1.00027 0.0009 1.0195 1.48 0.67 19.76 43402
2460281.546177 0.99991 0.0009 1.0196 0.07 -0.01 19.76 36821
2460281.546327 0.99937 0.0009 1.0198 -1.01 0.45 19.74 42022
2460281.546477 0.9997 0.0009 1.0199 -0.95 1.24 19.91 43526
2460281.546628 0.99828 0.0009 1.02 0.41 -0.36 20.84 42722
2460281.546778 0.99978 0.0009 1.0201 1.65 -2.31 20.84 40286
2460281.546929 0.9996 0.0009 1.0203 1.76 -0.71 20.55 41080
2460281.547079 0.9984 0.0009 1.0204 2.06 -2.32 19.85 42104
2460281.547229 0.99904 0.0009 1.0205 1.5 -1.35 20.45 35952
2460281.547379 1.00057 0.0009 1.0207 -1.44 1.91 20.35 31498
2460281.54753 0.99894 0.0009 1.0208 -1.93 0.05 20.05 43223
2460281.54768 1.00058 0.0009 1.0209 -2.51 -0.92 20.67 38644
2460281.54783 1.00009 0.0009 1.021 -0.59 0.63 20.96 39733
2460281.54798 1.00101 0.0009 1.0212 -0.69 1.2 20.71 38492
2460281.548131 0.9987 0.0009 1.0213 0.35 -0.35 19.99 40690
2460281.548281 1.00004 0.0009 1.0214 -0.61 0.82 20.77 41199
2460281.548431 1.00042 0.0009 1.0216 1.03 -0.13 20.94 41631
2460281.548581 0.99876 0.0009 1.0217 1.51 -0.09 21.02 36352
2460281.548732 1.00061 0.0009 1.0218 2.64 -0.24 20.66 39789
2460281.548882 0.99932 0.0009 1.022 1.46 -0.68 21.01 37724
2460281.549032 1.00025 0.0009 1.0221 2.78 -1.4 20.52 37630
2460281.549182 0.99846 0.0009 1.0223 -1.26 1.08 20.96 31767
2460281.549333 0.9987 0.0009 1.0224 -4.54 1.76 21.13 32926
2460281.549483 0.9991 0.0009 1.0225 -5.04 0.82 20.87 34601
2460281.549633 1.00006 0.0009 1.0227 -5.77 -1.34 20.46 37495
2460281.549783 0.99951 0.0009 1.0228 -0.46 -0.12 21.89 31107
2460281.549933 0.99962 0.0009 1.023 -0.73 1.71 20.77 37495
2460281.550083 0.99908 0.0009 1.0231 0.37 0.03 21.17 36759
2460281.550234 1.00071 0.0009 1.0232 1.13 -0.04 20.98 34537
2460281.550384 1.00041 0.0009 1.0234 1.01 0.76 21.56 33013
2460281.550534 0.99976 0.0009 1.0235 1.67 -0.54 21.56 36645
2460281.550685 0.99949 0.0009 1.0237 2.04 -1.03 21.07 32252
2460281.550835 1.00041 0.0009 1.0238 2.64 1.58 21.94 28505
2460281.550985 0.99928 0.0009 1.024 -0.09 -0.73 20.57 28205
2460281.551135 0.99929 0.0009 1.0241 -1.16 -1.17 20.48 32892
2460281.551285 1.00026 0.0009 1.0243 -3.08 -1.28 20.59 33147
2460281.551436 0.9987 0.0009 1.0244 -4.76 -1.34 21.61 31231
2460281.551586 1.00053 0.0009 1.0246 -0.94 -1.59 21.03 27969
2460281.551736 1.0005 0.0009 1.0247 1.75 0.85 21.25 34515
2460281.551886 0.99922 0.0009 1.0249 0.37 0.19 20.43 34621
2460281.552037 1.00094 0.0009 1.025 1.43 0.3 21.05 37946
2460281.552187 0.99982 0.0009 1.0252 0.71 -1.11 20.82 29242
2460281.552337 1.0003 0.0009 1.0253 0.14 -0.09 20.33 33561
2460281.552487 1.00042 0.0009 1.0255 0.43 0.05 20.32 34256
2460281.552637 0.9999 0.0009 1.0257 1.89 0.1 21.99 30239
2460281.552787 1.00057 0.0009 1.0258 1.78 0.07 21.97 32344
2460281.552938 1.0004 0.0009 1.026 1.2 1.29 21.2 33008
2460281.553088 0.99894 0.0009 1.0261 -0.49 -0.65 20.48 30135
2460281.553239 1.00083 0.0009 1.0263 -3.11 -1.68 20.8 29110
2460281.553388 0.99959 0.0009 1.0265 -1.94 1.13 21.83 28397
2460281.553538 1.00065 0.0009 1.0266 -1.5 1.09 21.4 32438
2460281.553688 0.99993 0.0009 1.0268 0.51 0.53 20.63 36120
2460281.553839 1.001 0.0009 1.0269 0.77 1.01 22.04 34141
2460281.553989 0.99984 0.0009 1.0271 -0.76 1.25 21.46 35194
2460281.554139 0.99924 0.0009 1.0273 0.16 -0.32 21.91 32399
2460281.55429 1.0007 0.0009 1.0274 0.22 -2.62 20.73 32128
2460281.55444 0.99915 0.0009 1.0276 2.29 -0.24 21.35 34599
2460281.55459 1.00092 0.0009 1.0278 0.86 -0.64 21.62 30756
2460281.55474 1.00084 0.00091 1.0279 1.33 -1.38 21.96 31582
2460281.554891 1.00121 0.00091 1.0281 1.3 -1.04 22.05 31507
2460281.555041 1.00023 0.0009 1.0283 0.0 -2.04 20.99 32150
2460281.555191 0.99971 0.0009 1.0284 -1.04 -0.27 21.32 33237
2460281.555342 0.99978 0.0009 1.0286 -1.97 -1.48 20.69 29682
2460281.555492 1.00007 0.00091 1.0288 -0.3 -1.36 20.57 30497
2460281.555642 1.00132 0.00091 1.0289 1.09 -1.13 22.91 34016
2460281.555793 1.00045 0.00091 1.0291 1.06 -0.6 21.48 35057
2460281.555943 1.00137 0.00091 1.0293 -0.21 1.09 21.58 38607
2460281.556093 1.00043 0.00091 1.0295 0.15 -0.62 21.08 34917
2460281.556243 1.00034 0.00091 1.0297 2.17 -0.83 21.13 30577
2460281.556393 0.99944 0.00091 1.0298 2.41 -0.53 21.16 32040
2460281.556544 0.99999 0.00091 1.03 1.72 0.27 21.56 34872
2460281.556694 0.99964 0.00091 1.0302 3.1 -2.81 21.05 34970
2460281.556844 0.99874 0.00091 1.0304 3.48 -0.5 21.48 31770
2460281.556994 1.00077 0.00091 1.0306 -1.39 -0.64 21.07 28258
2460281.557145 0.99801 0.0009 1.0307 -4.62 -0.51 20.82 35314
2460281.557295 0.99831 0.0009 1.0309 -3.54 -0.73 20.92 32383
2460281.557445 1.00052 0.00091 1.0311 -4.07 -0.63 21.14 30580
2460281.557595 1.00234 0.00091 1.0313 -0.54 0.92 21.76 27355
2460281.557746 0.99892 0.00091 1.0315 2.37 0.99 21.99 32649
2460281.557896 0.99979 0.00091 1.0317 1.47 -1.2 21.16 29441
2460281.558047 1.00128 0.00091 1.0318 2.35 0.08 20.73 30816
2460281.558197 1.0003 0.00091 1.032 1.56 -0.76 21.16 33351
2460281.558347 1.00172 0.00091 1.0322 2.73 -1.37 20.99 32584
2460281.558498 0.99948 0.00091 1.0324 2.19 -0.74 21.38 29946
2460281.558648 1.00093 0.00091 1.0326 3.04 -0.43 21.11 30786
2460281.558798 1.00235 0.00091 1.0328 1.47 -1.35 21.24 24998
2460281.558948 1.00039 0.00091 1.033 0.12 -0.62 22.08 28307
2460281.559098 0.99954 0.00091 1.0332 -1.46 -0.5 21.11 28743
2460281.559248 1.00027 0.00091 1.0334 -2.05 -1.84 21.17 30532
2460281.559399 1.0007 0.00091 1.0336 0.26 -1.13 22.1 28578
2460281.559549 0.99939 0.00091 1.0337 1.42 0.1 21.11 35384
2460281.559699 0.99965 0.00091 1.0339 2.18 -0.14 22.4 34205
2460281.559849 1.00136 0.00091 1.0341 0.72 -0.72 21.08 31990
2460281.559999 0.99985 0.00091 1.0343 -0.59 0.27 21.78 29102
2460281.56015 0.99887 0.00091 1.0345 -0.57 -0.5 21.44 32641
2460281.5603 1.00101 0.00091 1.0347 0.48 0.23 21.11 31307
2460281.56045 1.00064 0.00091 1.0349 1.39 0.08 21.26 29391
2460281.560601 1.00001 0.00091 1.0351 -0.12 -0.5 22.02 26545
2460281.560751 1.00076 0.00091 1.0353 1.59 -1.43 20.89 28520
2460281.560901 1.00027 0.00091 1.0355 0.81 -2.07 22.28 30103
2460281.561052 0.99966 0.00091 1.0357 0.09 -1.44 21.58 29220
2460281.561202 1.00045 0.00091 1.0359 -0.29 -0.55 21.47 27903
2460281.561352 1.00111 0.00091 1.0361 1.7 -0.84 22.7 28458
2460281.561502 1.00086 0.00091 1.0363 2.01 -1.29 21.76 30428
2460281.561652 1.00133 0.00091 1.0366 0.25 -0.71 21.65 29441
2460281.561803 1.00118 0.00091 1.0368 -0.9 -1.34 21.42 30017
2460281.561953 1.00234 0.00091 1.037 -1.48 -1.21 21.79 31494
2460281.562103 1.00019 0.00091 1.0372 -0.99 -1.88 21.46 30020
2460281.562254 0.99982 0.00091 1.0374 0.33 -2.38 21.78 30319
2460281.562404 0.9989 0.00091 1.0376 -0.86 0.95 21.76 29839
2460281.562554 1.00085 0.00091 1.0378 1.34 -0.59 21.54 30228
2460281.562705 1.00111 0.00091 1.038 2.38 -1.22 21.96 28300
2460281.562855 1.00125 0.00091 1.0382 1.73 -0.89 21.25 30812
2460281.563005 0.99956 0.00091 1.0384 -0.97 -2.07 21.54 29367
2460281.563156 0.99952 0.00091 1.0387 -2.41 -2.25 22.73 30596
2460281.563306 0.99986 0.00091 1.0389 -1.36 -2.65 22.25 27119
2460281.563456 1.00094 0.00091 1.0391 -0.26 -1.04 22.04 30137
2460281.563607 1.00071 0.00091 1.0393 -0.42 0.02 22.16 28319
2460281.563757 0.99935 0.00091 1.0395 -2.48 -0.21 21.83 31067
2460281.563907 0.99932 0.00091 1.0397 -2.65 -1.52 22.16 26925
2460281.564057 1.00036 0.00091 1.04 -2.2 -0.18 21.33 30301
2460281.564207 1.00015 0.00091 1.0402 -0.57 -2.35 21.85 26962
2460281.564357 0.99999 0.00091 1.0404 1.36 -0.89 22.01 27017
2460281.564508 1.00026 0.00092 1.0406 3.16 -1.22 22.34 29206
2460281.564658 1.00093 0.00092 1.0409 1.98 -1.84 21.59 29999
2460281.564808 1.00019 0.00091 1.0411 -0.98 -0.87 22.33 24695
2460281.564958 1.00042 0.00092 1.0413 -1.0 -0.49 22.16 28647
2460281.565108 0.99816 0.00091 1.0415 -4.02 -0.42 22.09 31476
2460281.565258 0.99965 0.00092 1.0418 -2.55 -0.01 21.54 28721
2460281.565408 1.00149 0.00092 1.042 0.62 -1.69 22.02 25566
2460281.565558 1.00169 0.00092 1.0422 -0.57 -2.04 22.25 29475
2460281.565708 1.00006 0.00092 1.0424 -1.36 0.5 21.41 29445
2460281.565859 0.99908 0.00092 1.0427 -2.41 -1.11 22.05 28457
2460281.566009 1.00074 0.00092 1.0429 -0.51 -2.73 23.11 24280
2460281.56616 0.99898 0.00092 1.0431 2.03 -2.52 22.18 28805
2460281.56631 0.99882 0.00092 1.0434 0.93 -0.46 21.92 31504
2460281.56646 1.00014 0.00092 1.0436 2.85 -0.62 21.82 27696
2460281.56661 1.00027 0.00092 1.0438 2.82 -2.44 23.16 25476
2460281.566761 0.99957 0.00092 1.0441 1.47 -0.27 21.71 31344
2460281.566911 0.99982 0.00092 1.0443 0.01 -1.47 22.07 27771
2460281.567061 1.00029 0.00092 1.0446 -2.46 -2.25 22.64 26688
2460281.567212 0.99934 0.00092 1.0448 1.25 -1.58 22.49 24227
2460281.567362 1.00107 0.00092 1.045 3.12 -1.01 22.5 26578
2460281.567512 0.99988 0.00092 1.0453 3.74 -1.53 22.29 27825
2460281.567662 1.00027 0.00092 1.0455 2.28 -1.7 21.87 32866
2460281.567813 1.00002 0.00092 1.0458 0.42 -1.25 22.4 26526
2460281.567963 0.99992 0.00092 1.046 -0.18 -1.1 23.05 26461
2460281.568113 0.9998 0.00092 1.0462 1.7 -0.8 22.72 27708
2460281.568263 1.00006 0.00092 1.0465 1.4 -0.85 22.76 24262
2460281.568414 1.0008 0.00092 1.0467 1.36 -1.32 22.23 27827
2460281.568564 1.00085 0.00092 1.047 1.7 -1.24 22.0 33407
2460281.568714 1.00146 0.00092 1.0472 1.92 -2.13 22.34 25718
2460281.568865 0.99916 0.00092 1.0475 -0.87 -1.15 22.21 27059
2460281.569015 0.99923 0.00092 1.0477 -2.25 -0.12 22.83 26196
2460281.569165 0.9986 0.00092 1.048 -0.39 0.35 22.27 27566
2460281.569315 0.99923 0.00092 1.0482 0.6 -0.4 22.67 25247
2460281.569466 0.99709 0.00092 1.0485 1.24 -2.82 23.74 29126
2460281.569616 0.99996 0.00092 1.0487 -0.22 -3.38 22.51 27546
2460281.569766 0.99945 0.00092 1.049 -1.12 -2.0 22.56 26475
2460281.569916 1.00064 0.00092 1.0492 -1.38 -1.02 22.28 27845
2460281.570067 0.99947 0.00092 1.0495 1.36 -3.39 22.04 28332
2460281.570217 1.00125 0.00092 1.0497 0.59 -1.64 23.22 29407
2460281.570367 0.99924 0.00092 1.05 1.04 -2.34 23.02 27558
2460281.570517 0.99918 0.00092 1.0503 3.18 -1.83 22.41 27478
2460281.570668 1.00049 0.00092 1.0505 1.1 -0.2 22.5 26665
2460281.570818 0.99837 0.00092 1.0508 -0.79 -1.5 22.91 23301
2460281.570968 0.99832 0.00092 1.051 -3.52 -0.98 22.52 25721
2460281.571118 0.99858 0.00092 1.0513 -5.02 -2.23 22.68 24717
2460281.571268 1.00145 0.00093 1.0516 -3.76 -0.77 22.75 28673
2460281.571419 1.0014 0.00093 1.0518 -0.3 -1.07 23.24 27673
2460281.571569 0.99948 0.00092 1.0521 0.8 -1.5 22.58 27505
2460281.571719 1.00024 0.00093 1.0524 -0.11 -0.55 22.8 25982
2460281.571869 1.00106 0.00093 1.0526 0.51 0.63 22.56 27114
2460281.57202 0.99978 0.00092 1.0529 0.99 -1.24 22.6 27589
2460281.57217 0.99963 0.00093 1.0532 1.22 -1.79 22.36 28511
2460281.57232 0.99823 0.00092 1.0534 2.15 -2.64 22.77 26740
2460281.57247 0.99838 0.00092 1.0537 1.31 -2.0 23.38 27363
2460281.57262 0.99923 0.00093 1.054 -1.7 -0.36 23.03 25530
2460281.572771 0.99911 0.00093 1.0542 -3.26 1.02 22.75 25047
2460281.572921 1.00002 0.00093 1.0545 -7.31 1.19 22.51 30372
2460281.573071 1.00012 0.00093 1.0548 -6.24 0.28 22.72 28416
2460281.573221 0.99803 0.00093 1.0551 0.24 -0.48 23.64 24122
2460281.573372 0.99956 0.00093 1.0553 1.48 -1.76 22.45 28333
2460281.573522 1.00172 0.00093 1.0556 1.44 -2.29 22.84 26616
2460281.573672 0.99946 0.00093 1.0559 0.86 -1.18 22.67 27810
2460281.573822 0.99912 0.00093 1.0562 1.29 -1.15 22.09 27558
2460281.573973 0.99829 0.00093 1.0564 3.04 -0.56 22.41 29237
2460281.574123 0.99913 0.00093 1.0567 2.65 -0.88 22.48 28402
2460281.574273 0.99908 0.00093 1.057 1.99 -2.2 22.75 27216
2460281.574423 0.99909 0.00093 1.0573 1.22 -1.93 22.8 22964
2460281.574573 0.99825 0.00093 1.0576 -1.72 -1.72 22.62 24810
2460281.574724 1.00029 0.00093 1.0579 -5.42 -2.12 22.19 25045
2460281.574874 0.99958 0.00093 1.0581 -7.59 -3.84 22.83 27178
2460281.575024 0.99945 0.00093 1.0584 -0.43 -2.02 26.02 19840
2460281.575175 1.00013 0.00093 1.0587 2.27 -2.22 23.56 24332
2460281.575325 1.00029 0.00093 1.059 1.34 -0.51 22.76 26560
2460281.575476 1.00026 0.00093 1.0593 2.13 -0.71 23.18 25070
2460281.575626 0.99941 0.00093 1.0596 1.15 0.28 21.84 26666
2460281.575776 1.00021 0.00093 1.0599 0.74 -0.87 22.97 26531
2460281.575926 0.99937 0.00093 1.0602 2.69 0.66 23.6 25737
2460281.576077 0.99969 0.00093 1.0604 4.06 -1.95 23.59 28881
2460281.576227 0.99963 0.00093 1.0607 3.76 -1.31 22.9 24702
2460281.576377 1.00079 0.00093 1.061 2.48 -0.72 22.87 25849
2460281.576527 0.99972 0.00093 1.0613 -0.35 -0.17 23.22 24573
2460281.576678 1.00017 0.00093 1.0616 -2.78 -0.01 23.32 23255
2460281.576828 0.99958 0.00093 1.0619 -1.4 -2.2 23.45 26680
2460281.576978 0.99981 0.00093 1.0622 -2.13 1.59 23.34 24520
2460281.577128 1.00042 0.00093 1.0625 0.73 -0.97 22.85 26019
2460281.577278 0.99821 0.00093 1.0628 -0.23 -1.44 23.21 24333
2460281.577428 1.00087 0.00093 1.0631 0.99 -1.66 22.51 32182
2460281.577578 0.99885 0.00093 1.0634 1.45 -1.98 21.89 26759
2460281.577729 0.9991 0.00093 1.0637 2.48 -0.04 23.15 29802
2460281.577879 0.999 0.00093 1.064 1.95 -0.1 21.68 27870
2460281.578029 0.99919 0.00093 1.0643 1.75 0.88 22.51 24906
2460281.57818 0.99994 0.00093 1.0646 0.41 -1.25 22.26 29631
2460281.57833 0.99909 0.00093 1.065 0.87 -0.28 22.18 29008
2460281.57848 0.99924 0.00093 1.0653 0.52 -2.09 22.7 26844
2460281.57863 0.99984 0.00093 1.0655 -2.03 2.22 22.48 25461
2460281.578781 0.99887 0.00093 1.0659 -4.64 -0.36 22.18 27007
2460281.578931 0.99945 0.00093 1.0662 -4.32 0.45 21.84 28662
2460281.579081 0.99888 0.00093 1.0665 -1.43 -2.04 22.36 30779
2460281.579231 0.99908 0.00093 1.0668 0.19 -0.33 22.53 29084
2460281.579382 0.99904 0.00093 1.0671 1.52 -1.56 22.77 28736
2460281.579532 1.0001 0.00094 1.0674 0.97 -2.25 22.38 33949
2460281.579682 0.99969 0.00094 1.0678 1.65 0.76 22.04 29530
2460281.579832 0.99905 0.00094 1.0681 2.54 -1.67 22.91 29418
2460281.579983 1.00068 0.00094 1.0684 1.19 -1.64 22.71 31207
2460281.580133 0.99915 0.00094 1.0687 2.76 1.3 23.55 26330
2460281.580283 0.99876 0.00094 1.069 2.6 0.3 22.57 27086
2460281.580433 1.00063 0.00094 1.0693 0.51 -3.27 22.73 28059
2460281.580583 0.99867 0.00094 1.0697 -3.45 -1.37 22.95 26046
2460281.580734 0.9997 0.00094 1.07 -6.33 -1.43 22.3 27287
2460281.580884 0.99891 0.00094 1.0703 -4.11 -1.64 23.52 26319
2460281.581034 1.00023 0.00094 1.0706 -0.02 -0.54 23.32 26509
2460281.581184 1.00029 0.00094 1.071 0.29 -0.85 22.46 25058
2460281.581335 0.99887 0.00094 1.0713 0.56 0.64 22.45 27926
2460281.581485 1.00103 0.00094 1.0716 -0.05 -0.46 23.05 26246
2460281.581635 1.00015 0.00094 1.0719 0.91 -0.59 22.82 29519
2460281.581786 0.99998 0.00094 1.0722 1.77 -0.28 21.79 32367
2460281.581936 0.99921 0.00094 1.0726 2.8 -1.56 23.6 29874
2460281.582086 0.99979 0.00094 1.0729 1.23 0.26 23.36 26698
2460281.582236 1.00049 0.00094 1.0733 2.36 -0.14 22.32 27364
2460281.582387 1.00094 0.00094 1.0736 -1.16 -2.32 23.15 25628
2460281.582537 0.99958 0.00094 1.0739 -3.86 -0.41 22.97 27002
2460281.582687 0.99925 0.00094 1.0743 -4.1 0.74 22.94 27097
2460281.582837 0.99922 0.00094 1.0746 -1.67 -1.18 23.57 22516
2460281.582988 0.99874 0.00094 1.0749 -0.19 -0.56 23.17 23842
2460281.583138 1.00101 0.00094 1.0753 2.03 -1.41 22.17 26255
2460281.583288 0.99885 0.00094 1.0756 1.71 -0.53 22.86 26573
2460281.583438 1.00058 0.00094 1.0759 0.5 -2.36 23.51 25725
2460281.583588 0.99907 0.00094 1.0763 0.0 -2.76 22.07 28603
2460281.583739 0.99808 0.00094 1.0766 1.5 -0.77 22.84 30260
2460281.583889 0.99953 0.00094 1.077 2.45 -0.77 23.77 26052
2460281.58404 0.99857 0.00094 1.0773 2.63 1.04 22.93 26098
2460281.58419 0.9981 0.00094 1.0776 2.25 -0.15 22.01 29085
2460281.58434 0.99958 0.00094 1.078 0.42 -1.84 22.64 26443
2460281.584491 0.99929 0.00094 1.0783 -3.46 -1.23 22.55 28126
2460281.584641 0.99927 0.00094 1.0787 -0.73 -1.67 22.69 23902
2460281.584791 1.00045 0.00094 1.079 0.44 -1.14 23.44 28582
2460281.584941 0.99985 0.00095 1.0794 1.59 -1.99 22.45 26260
2460281.585092 0.99951 0.00094 1.0797 1.76 -2.17 23.54 26300
2460281.585242 0.99981 0.00095 1.0801 -0.9 1.0 22.74 25363
2460281.585392 0.99959 0.00095 1.0804 0.17 0.06 22.5 28626
2460281.585542 0.99996 0.00095 1.0808 -1.52 0.13 22.69 27732
2460281.585692 1.00023 0.00095 1.0812 1.25 -0.68 24.12 25993
2460281.585843 1.00138 0.00095 1.0815 0.41 0.0 23.29 27558
2460281.585993 0.99924 0.00095 1.0819 0.54 -1.32 23.09 27120
2460281.586143 0.99853 0.00095 1.0822 3.65 -1.66 23.51 28500
2460281.586293 1.00079 0.00095 1.0826 1.81 -1.31 23.42 27973
2460281.586444 0.99883 0.00095 1.0829 -0.9 -0.1 23.02 24897
2460281.586594 1.00072 0.00095 1.0833 -2.81 -2.01 23.05 26704
2460281.586744 0.99984 0.00095 1.0837 0.0 -0.27 23.75 24759
2460281.586895 1.0006 0.00095 1.084 -1.06 -1.75 23.32 25115
2460281.587045 1.00029 0.00095 1.0844 -0.65 0.26 23.16 23637
2460281.587195 0.99811 0.00095 1.0848 -2.85 -2.05 22.73 27503
2460281.587345 0.99854 0.00095 1.0851 -3.29 -0.91 23.11 26031
2460281.587495 0.99832 0.00095 1.0855 -2.53 1.26 23.33 24199
2460281.587646 1.00029 0.00095 1.0859 0.03 -1.83 23.45 22585
2460281.587796 1.00059 0.00095 1.0862 1.61 -1.52 22.78 25393
2460281.587946 0.99937 0.00095 1.0866 1.95 -1.79 22.62 23832
2460281.588096 0.99978 0.00095 1.087 3.27 0.12 22.12 28790
2460281.588246 0.99826 0.00095 1.0873 0.02 -0.72 22.69 21617
2460281.588397 0.9981 0.00095 1.0877 -1.32 1.14 22.39 22478
2460281.588547 0.99865 0.00095 1.0881 -3.66 -0.98 22.63 27822
2460281.588697 1.00022 0.00095 1.0885 -2.89 -0.13 22.66 22603
2460281.588848 0.99898 0.00095 1.0889 1.05 -0.54 23.63 20355
2460281.588998 0.99953 0.00095 1.0892 2.72 1.41 22.7 25202
2460281.589147 1.00131 0.00096 1.0896 1.0 -1.16 22.48 27182
2460281.589298 0.99926 0.00095 1.09 -0.76 -0.32 23.24 22125
2460281.589448 0.99926 0.00095 1.0904 1.98 -0.39 23.59 24801
2460281.589598 0.99904 0.00095 1.0908 1.85 -0.46 22.69 22311
2460281.589749 1.00019 0.00096 1.0911 3.22 -0.08 22.72 23471
2460281.589899 1.00003 0.00095 1.0915 2.6 -0.14 23.01 28027
2460281.590049 0.99903 0.00095 1.0919 1.24 0.09 23.14 21890
2460281.590199 0.99934 0.00096 1.0923 0.13 -1.87 23.02 24506
2460281.59035 0.99831 0.00096 1.0927 -0.9 -2.16 23.1 24313
2460281.5905 1.00077 0.00096 1.0931 -2.75 -1.26 23.39 22691
2460281.59065 0.99987 0.00096 1.0935 0.23 -3.46 22.92 21109
2460281.590801 0.99862 0.00096 1.0939 1.82 -2.99 23.52 22906
2460281.590951 0.99773 0.00096 1.0942 1.89 -1.65 22.52 25800
2460281.591101 0.9991 0.00096 1.0946 3.19 -2.52 23.86 24028
2460281.591251 0.99868 0.00096 1.095 -0.66 -0.94 23.25 22815
2460281.591401 0.99986 0.00096 1.0954 2.0 -0.42 22.78 26105
2460281.591552 0.99821 0.00096 1.0958 1.57 3.12 23.56 23647
2460281.591702 0.99997 0.00096 1.0962 1.25 0.76 23.2 24165
2460281.591852 0.99924 0.00096 1.0966 -0.93 0.14 23.29 23015
2460281.592003 0.99894 0.00096 1.097 1.5 0.05 23.51 21838
2460281.592153 0.99964 0.00096 1.0974 0.66 0.58 23.38 21566
2460281.592303 1.00015 0.00096 1.0978 -2.24 -0.07 22.48 22125
2460281.592453 0.99754 0.00096 1.0982 -2.42 0.99 23.64 22882
2460281.592604 0.99899 0.00096 1.0986 -0.11 -1.29 23.62 24560
2460281.592754 0.99985 0.00096 1.099 2.23 -0.61 22.77 24326
2460281.592904 1.00024 0.00096 1.0994 0.37 -0.13 23.36 24466
2460281.593054 0.99857 0.00096 1.0998 0.42 -0.73 22.02 26554
2460281.593205 0.999 0.00096 1.1003 -1.51 1.11 23.48 24546
2460281.593355 0.99915 0.00096 1.1007 -2.41 1.74 22.97 24434
2460281.593505 1.00039 0.00096 1.1011 -1.15 1.33 23.05 25362
2460281.593655 0.99959 0.00096 1.1015 0.15 0.31 23.64 23316
2460281.593806 1.0 0.00096 1.1019 0.1 0.76 22.55 25213
2460281.593956 0.99782 0.00096 1.1023 0.82 -0.23 23.1 22745
2460281.594106 0.99891 0.00096 1.1027 -1.45 -1.13 23.1 24259
2460281.594257 0.99908 0.00096 1.1032 -2.01 -0.97 22.68 20703
2460281.594407 0.99884 0.00096 1.1036 -4.32 -0.4 23.49 21050
2460281.594557 0.99816 0.00096 1.104 -2.32 -0.14 23.0 24880
2460281.594708 1.00067 0.00097 1.1044 -1.83 -1.65 22.76 21928
2460281.594858 0.99949 0.00097 1.1048 -1.49 -0.52 23.14 23362
2460281.595008 0.99933 0.00097 1.1052 -1.36 -0.25 22.79 25271
2460281.595158 0.99926 0.00097 1.1057 -0.9 -2.08 22.69 21901
2460281.595309 0.99966 0.00097 1.1061 -2.04 0.9 22.68 23730
2460281.595459 0.99863 0.00097 1.1065 1.01 -0.94 22.88 24519
2460281.595609 0.99966 0.00097 1.1069 1.67 0.08 23.01 23306
2460281.59576 0.99897 0.00097 1.1074 1.82 1.83 23.02 23862
2460281.59591 1.00005 0.00097 1.1078 2.36 -1.06 23.38 24599
2460281.59606 0.9983 0.00097 1.1082 1.18 0.06 22.99 24472
2460281.59621 0.99828 0.00097 1.1087 -1.36 0.43 22.83 24989
2460281.59636 0.99921 0.00097 1.1091 -4.07 -0.27 22.33 25180
2460281.596511 0.99884 0.00097 1.1095 -2.94 -0.66 22.62 23734
2460281.596661 0.99927 0.00097 1.11 1.13 -0.19 23.08 22429
2460281.596811 0.99837 0.00097 1.1104 2.73 0.32 22.73 24334
2460281.596961 0.99875 0.00097 1.1108 0.9 -0.11 22.93 23844
2460281.597112 1.0002 0.00097 1.1112 3.0 1.82 22.7 24157
2460281.597262 1.0004 0.00097 1.1117 1.61 -0.11 23.73 22847
2460281.597412 0.99909 0.00097 1.1122 2.46 0.59 22.49 27383
2460281.597563 0.99769 0.00097 1.1126 4.36 0.5 23.03 23776
2460281.597713 0.99848 0.00097 1.113 3.38 2.59 23.03 23004
2460281.597863 0.99856 0.00097 1.1135 3.35 0.85 22.47 22195
2460281.598014 0.99808 0.00097 1.1139 -0.65 1.74 23.04 23797
2460281.598164 0.99788 0.00097 1.1144 -2.48 -0.16 23.14 20456
2460281.598314 0.9995 0.00097 1.1148 -4.11 0.15 24.15 20843
2460281.598465 0.9988 0.00097 1.1153 1.38 -0.4 24.39 23391
2460281.598615 0.99848 0.00097 1.1157 2.86 -0.47 23.52 23521
2460281.598765 0.99911 0.00097 1.1162 3.54 -0.57 22.75 24126
2460281.598915 0.99849 0.00097 1.1166 1.12 -0.12 23.35 21028
2460281.599066 1.00056 0.00098 1.117 1.55 -0.23 23.3 18802
2460281.599216 0.99833 0.00097 1.1175 1.05 1.73 22.67 22729
2460281.599366 0.99982 0.00098 1.118 0.6 0.66 23.92 22617
2460281.599516 0.99872 0.00098 1.1184 1.7 3.35 23.65 22403
2460281.599666 0.99961 0.00098 1.1189 3.13 0.57 23.59 22454
2460281.599816 1.00043 0.00098 1.1194 3.64 0.88 23.11 21220
2460281.599966 0.99979 0.00098 1.1198 1.12 0.17 23.05 23194
2460281.600117 0.99774 0.00098 1.1202 0.08 1.3 24.12 22348
2460281.600267 0.99904 0.00098 1.1207 -2.39 1.51 22.76 23738
2460281.600418 0.99809 0.00098 1.1212 0.3 -0.27 23.12 25040
2460281.600568 0.99991 0.00098 1.1216 1.41 1.87 22.91 22366
2460281.600718 1.0007 0.00098 1.1221 2.36 1.8 22.92 24855
2460281.600868 0.99987 0.00098 1.1226 2.32 2.11 22.86 24294
2460281.601018 0.99904 0.00098 1.123 0.48 1.43 24.32 20357
2460281.601168 0.99772 0.00098 1.1235 1.67 1.22 23.47 23227
2460281.601318 1.00016 0.00098 1.124 3.92 1.07 22.93 23127
2460281.601468 0.99748 0.00098 1.1245 0.96 0.25 23.9 21389
2460281.601619 0.99956 0.00098 1.1249 1.4 1.26 23.27 23496
2460281.601769 0.99783 0.00098 1.1254 0.85 1.79 23.97 23571
2460281.601919 0.99982 0.00098 1.1259 -0.1 2.52 24.33 19246
2460281.60207 0.99895 0.00098 1.1264 -1.85 -0.25 22.91 21703
2460281.60222 0.99863 0.00098 1.1269 -4.32 1.07 24.1 21654
2460281.60237 0.99763 0.00098 1.1273 -2.98 1.16 23.45 24657
2460281.60252 0.99762 0.00098 1.1278 -1.65 1.78 22.98 23504
2460281.602671 0.99744 0.00098 1.1283 -0.59 0.62 22.79 22758
2460281.602821 0.99918 0.00099 1.1288 0.24 0.58 23.58 22618
2460281.602972 0.99912 0.00099 1.1292 0.07 -0.11 23.45 22433
2460281.603122 0.99987 0.00099 1.1297 1.19 2.17 23.56 21388
2460281.603272 0.99831 0.00099 1.1302 2.09 0.43 22.87 24505
2460281.603423 0.99984 0.00099 1.1307 1.29 1.43 23.47 23089
2460281.603573 0.99703 0.00099 1.1312 2.43 2.01 22.83 24682
2460281.603723 0.99812 0.00099 1.1317 2.11 0.08 23.73 22129
2460281.603874 0.99877 0.00099 1.1322 -0.34 0.4 23.2 23916
2460281.604024 0.9983 0.00099 1.1327 -3.44 0.79 24.06 21142
2460281.604174 0.99822 0.00099 1.1332 -6.2 -0.26 23.06 23908
2460281.604324 0.99733 0.00099 1.1337 -4.83 1.07 23.23 22342
2460281.604475 0.99933 0.00099 1.1342 1.83 -1.3 24.27 20586
2460281.604625 0.99816 0.00099 1.1347 1.61 0.3 21.89 26960
2460281.604775 0.99913 0.00099 1.1352 1.56 -1.19 22.9 25928
2460281.604926 1.00037 0.00099 1.1357 0.14 -0.01 23.8 24088
2460281.605076 1.00016 0.00099 1.1362 -0.3 1.23 23.32 21610
2460281.605226 0.99917 0.00099 1.1367 1.15 0.21 22.49 28082
2460281.605376 0.99872 0.00099 1.1372 -0.55 1.64 24.57 25059
2460281.605527 0.99827 0.00099 1.1377 2.81 0.48 22.69 24836
2460281.605677 0.99938 0.00099 1.1382 0.77 0.44 23.15 23948
2460281.605827 0.99843 0.00099 1.1387 0.11 0.1 22.9 22127
2460281.605977 0.99974 0.001 1.1392 -3.6 0.73 23.54 22976
2460281.606128 0.99804 0.00099 1.1397 -4.85 0.99 23.12 21043
2460281.606278 0.99974 0.001 1.1402 -0.24 -0.1 22.87 20283
2460281.606428 0.99724 0.00099 1.1407 2.14 0.28 23.33 23331
2460281.606579 0.99945 0.001 1.1413 2.8 0.8 22.79 23160
2460281.606729 0.99887 0.001 1.1418 1.12 -0.95 22.6 24093
2460281.606879 0.99963 0.001 1.1423 -0.33 0.35 23.11 22922
2460281.607029 0.99925 0.001 1.1428 -0.41 0.27 23.12 20782
2460281.607179 0.99714 0.001 1.1433 -0.28 0.16 22.9 22815
2460281.60733 0.99912 0.001 1.1439 0.69 2.21 23.31 23630
2460281.607479 0.99807 0.001 1.1444 0.4 -1.66 23.12 27332
2460281.60763 0.9985 0.001 1.1449 3.44 0.1 22.59 25527
2460281.60778 1.00046 0.001 1.1454 1.11 0.5 22.75 23492
2460281.607931 0.99817 0.001 1.146 -1.85 0.02 22.47 23554
2460281.608081 0.99852 0.001 1.1465 -0.95 0.25 22.7 21756
2460281.608231 1.00055 0.001 1.147 -1.57 0.99 22.17 24744
2460281.608382 0.99888 0.001 1.1475 0.9 1.2 22.43 24149
2460281.608532 0.99922 0.001 1.1481 2.22 -0.27 23.2 24359
2460281.608682 1.00063 0.001 1.1486 -0.0 0.57 22.97 22813
2460281.608832 0.99762 0.001 1.1491 -0.59 0.54 22.68 26207
2460281.608982 0.99845 0.001 1.1497 0.52 -0.61 23.13 24403
2460281.609132 0.99953 0.001 1.1502 1.5 1.17 22.48 22515
2460281.609282 0.99889 0.001 1.1507 2.26 1.64 23.22 23810
2460281.609432 0.99876 0.001 1.1513 1.72 0.94 23.16 24722
2460281.609583 1.00015 0.00101 1.1518 3.75 0.66 23.34 22885
2460281.609733 0.99924 0.00101 1.1524 2.41 2.45 23.34 20664
2460281.609883 0.99785 0.00101 1.1529 -1.94 0.63 23.65 22315
2460281.610033 0.99931 0.00101 1.1535 -5.14 1.2 24.23 21797
2460281.610184 0.99761 0.00101 1.154 -4.93 0.75 23.11 22202
2460281.610334 0.99833 0.00101 1.1546 -0.81 -0.9 23.48 22525
2460281.610484 1.00102 0.00101 1.1551 0.3 -0.37 23.77 19453
2460281.610634 0.99992 0.00101 1.1557 0.71 -2.29 23.52 23943
2460281.610784 0.99914 0.00101 1.1562 0.47 0.6 23.71 23219
2460281.610935 0.99956 0.00101 1.1568 1.12 0.71 22.64 22922
2460281.611085 0.99775 0.00101 1.1573 0.71 3.13 23.15 25236
2460281.611235 0.99799 0.00101 1.1579 1.13 1.72 22.22 25002
2460281.611385 0.99861 0.00101 1.1584 0.75 2.92 22.29 25430
2460281.611536 1.00017 0.00101 1.159 2.08 0.81 22.96 23854
2460281.611686 0.99965 0.00101 1.1595 -0.19 2.2 22.98 23917
2460281.611836 0.99764 0.00101 1.1601 -1.83 1.5 23.12 22088
2460281.611987 0.99818 0.00101 1.1607 -3.59 1.09 23.03 23292
2460281.612137 0.99805 0.00101 1.1612 -3.38 1.56 23.16 23528
2460281.612287 0.99998 0.00101 1.1618 0.24 0.67 24.62 22348
2460281.612437 0.99846 0.00102 1.1624 2.87 -0.7 23.12 22036
2460281.612587 0.99954 0.00102 1.1629 1.83 -1.02 23.27 25490
2460281.612737 0.9996 0.00102 1.1635 2.35 1.06 23.38 23896
2460281.612888 0.99879 0.00102 1.1641 1.64 -0.25 23.47 21255
2460281.613037 0.99755 0.00102 1.1647 0.63 1.7 23.56 20404
2460281.613187 0.99904 0.00102 1.1652 1.97 1.11 22.08 26343
2460281.613337 0.99945 0.00102 1.1658 0.24 1.65 23.3 25110
2460281.613488 0.99833 0.00102 1.1664 2.04 0.98 23.02 23465
2460281.613638 0.99813 0.00102 1.167 0.88 1.31 22.96 23130
2460281.613788 0.99867 0.00102 1.1675 -0.02 0.94 23.33 23416
2460281.613938 0.99714 0.00102 1.1681 -2.55 1.24 22.59 23405
2460281.614089 0.9997 0.00102 1.1687 -0.11 0.93 23.75 20373
2460281.614239 0.99684 0.00102 1.1693 2.62 3.69 22.43 21320
2460281.614389 0.99868 0.00102 1.1699 3.69 3.27 22.71 24255
2460281.61454 0.99795 0.00102 1.1705 1.59 1.56 23.67 22444
2460281.61469 0.9986 0.00102 1.171 0.29 0.22 24.22 22132
2460281.61484 0.99688 0.00102 1.1716 -0.51 2.07 22.57 23631
2460281.61499 0.99911 0.00102 1.1722 -1.3 1.75 23.9 22258
2460281.61514 0.99909 0.00102 1.1728 1.12 1.35 22.75 27308
2460281.61529 0.99904 0.00103 1.1734 1.51 0.76 23.39 21421
2460281.615441 0.99848 0.00103 1.174 2.39 0.64 22.81 23861
2460281.615591 0.99854 0.00103 1.1746 2.21 0.06 23.06 22812
2460281.615741 0.99752 0.00102 1.1752 1.82 1.53 23.83 21212
2460281.615891 0.9996 0.00103 1.1758 -2.51 1.51 23.05 21652
2460281.616041 0.99996 0.00103 1.1764 -2.04 1.3 22.25 24789
2460281.616191 0.99965 0.00103 1.177 1.24 1.3 23.7 21869
2460281.616342 0.99777 0.00103 1.1776 0.07 0.1 23.94 21810
2460281.616492 0.99858 0.00103 1.1782 -1.3 1.12 23.88 22603
2460281.616642 0.99754 0.00103 1.1788 -2.75 2.33 23.99 20991
2460281.616792 0.99816 0.00103 1.1794 -4.35 1.55 22.59 23150
2460281.616942 0.99948 0.00103 1.18 -1.86 1.87 23.15 24866
2460281.617093 0.99885 0.00103 1.1807 -0.43 0.94 23.95 23054
2460281.617243 0.99836 0.00103 1.1813 1.53 0.24 23.22 22269
2460281.617393 1.00002 0.00103 1.1819 2.97 -0.17 23.28 24101
2460281.617544 0.99729 0.00103 1.1825 2.24 0.45 23.08 22123
2460281.617694 0.99803 0.00103 1.1831 0.23 -0.88 24.63 20228
2460281.617844 0.99927 0.00103 1.1837 -2.53 2.22 23.65 21657
2460281.617994 0.99862 0.00103 1.1844 -2.67 -0.9 22.98 21717
2460281.618144 0.99929 0.00104 1.185 0.1 0.61 21.41 23095
2460281.618295 0.99753 0.00103 1.1856 -1.3 0.98 22.91 20496
2460281.618445 0.99901 0.00104 1.1862 -0.52 1.07 23.32 22724
2460281.618596 0.99835 0.00104 1.1869 0.34 1.39 22.71 22992
2460281.618746 1.00035 0.00104 1.1875 -0.03 1.08 22.59 20210
2460281.618896 0.99861 0.00104 1.1881 -0.75 0.3 22.82 23505
2460281.619046 0.99799 0.00104 1.1887 3.18 0.53 22.84 21568
2460281.619196 0.99899 0.00104 1.1894 2.44 3.66 22.94 22082
2460281.619347 0.99849 0.00104 1.19 4.34 1.92 22.85 24212
2460281.619497 0.99891 0.00104 1.1906 2.85 -0.89 22.0 26150
2460281.619647 0.99762 0.00104 1.1913 -0.77 0.51 23.43 24095
2460281.619797 0.99633 0.00104 1.1919 -0.02 0.56 23.12 21499
2460281.619948 0.99794 0.00104 1.1926 -1.98 -1.15 23.04 22587
2460281.620098 0.99876 0.00104 1.1932 3.27 3.97 23.9 20901
2460281.620248 0.99877 0.00104 1.1939 1.55 0.8 23.29 24232
2460281.620398 0.99852 0.00104 1.1944 1.69 1.99 22.47 25315
2460281.620548 0.99964 0.00104 1.1951 0.85 1.4 22.35 26180
2460281.620699 0.99999 0.00105 1.1958 0.37 0.92 22.79 23710
2460281.620849 0.99935 0.00104 1.1964 1.17 1.03 23.13 22998
2460281.620999 0.99826 0.00104 1.197 2.56 0.43 23.18 22691
2460281.621149 0.99748 0.00105 1.1977 2.33 -0.66 23.22 20757
2460281.6213 0.99771 0.00105 1.1984 1.67 1.16 23.15 21183
2460281.621451 0.99725 0.00105 1.199 1.84 1.46 23.71 26115
2460281.621601 0.99802 0.00105 1.1997 0.35 -0.53 23.27 21320
2460281.621751 0.99929 0.00105 1.2004 -0.99 2.69 22.58 21540
2460281.621901 0.99793 0.00105 1.201 -1.77 -0.08 23.02 25310
2460281.622052 0.99908 0.00105 1.2017 1.55 -0.67 23.16 25352
2460281.622202 0.9968 0.00105 1.2024 1.85 -1.13 23.59 22754
2460281.622352 0.9974 0.00105 1.203 -0.11 -0.17 22.2 25269
2460281.622503 0.99697 0.00105 1.2036 -2.67 -0.05 22.14 26286
2460281.622653 0.99909 0.00105 1.2044 -2.5 2.1 23.88 22562
2460281.622803 0.99702 0.00105 1.205 -2.15 1.48 23.19 23970
2460281.622953 0.9978 0.00105 1.2057 -3.34 2.69 22.78 26078
2460281.623103 0.99934 0.00105 1.2064 0.92 0.33 24.71 23977
2460281.623254 0.99799 0.00105 1.207 2.23 -0.48 23.31 25074
2460281.623405 0.99913 0.00106 1.2077 5.26 -0.51 22.93 25735
2460281.623555 0.99918 0.00106 1.2084 1.08 0.4 22.94 25754
2460281.623705 0.997 0.00105 1.2091 -1.44 -0.48 22.87 23825
2460281.623855 0.99911 0.00106 1.2097 -2.73 -0.93 23.11 25471
2460281.624006 0.99724 0.00106 1.2104 -0.98 1.85 24.02 24024
2460281.624156 0.99901 0.00106 1.2111 -0.16 2.53 23.55 24755
2460281.624306 0.99924 0.00106 1.2118 -1.22 1.26 22.91 26097
2460281.624457 0.99785 0.00106 1.2125 -2.81 2.57 23.84 24380
2460281.624607 0.99845 0.00106 1.2132 -4.17 1.37 23.23 23043
2460281.624757 0.99918 0.00106 1.2139 -4.81 2.71 23.61 22915
2460281.624908 0.99783 0.00106 1.2145 -0.48 1.55 24.54 21283
2460281.625057 0.99645 0.00106 1.2152 1.24 -0.5 22.89 23704
2460281.625207 0.99884 0.00106 1.216 2.46 -0.25 22.83 25410
2460281.625357 0.99796 0.00106 1.2166 2.46 -0.3 22.05 27292
2460281.625507 0.99787 0.00106 1.2174 -0.04 -0.17 22.56 20380
2460281.625658 0.99733 0.00106 1.2181 -2.59 1.49 23.37 23960
2460281.625808 0.99803 0.00106 1.2187 -4.34 0.71 23.07 24665
2460281.625958 0.99794 0.00107 1.2195 -0.75 -0.14 23.53 24403
2460281.626108 0.99618 0.00106 1.2202 1.06 -0.64 22.73 28357
2460281.626259 0.99811 0.00107 1.2209 0.38 3.67 23.72 24626
2460281.626409 0.99525 0.00106 1.2216 -1.15 1.06 22.59 26746
2460281.626559 0.99871 0.00107 1.2223 -0.69 0.62 22.85 23176
2460281.626709 0.99711 0.00107 1.223 1.81 0.55 24.03 20010
2460281.62686 0.9984 0.00107 1.2237 2.15 1.48 22.29 26244
2460281.627011 0.99748 0.00107 1.2244 1.36 0.73 22.86 25839
2460281.627161 0.99672 0.00107 1.2252 5.66 2.17 23.81 23526
2460281.627311 0.99816 0.00107 1.2259 1.88 1.65 21.82 24094
2460281.627462 0.99584 0.00107 1.2266 -1.55 1.7 22.78 24562
2460281.627612 0.99731 0.00107 1.2274 -1.77 1.0 23.89 23236
2460281.627762 0.9972 0.00107 1.228 -2.9 4.25 23.72 24364
2460281.627913 1.0001 0.00108 1.2288 2.14 2.19 23.81 19373
2460281.628063 0.99943 0.00108 1.2295 3.7 0.44 22.64 23962
2460281.628213 0.99776 0.00108 1.2302 3.67 0.13 23.21 28676
2460281.628363 0.9971 0.00108 1.231 4.35 -0.55 23.55 24157
2460281.628513 0.99733 0.00108 1.2317 -0.37 0.03 24.15 20892
2460281.628664 0.99802 0.00108 1.2324 0.61 0.12 23.48 27470
2460281.628814 0.99745 0.00108 1.2332 -0.17 0.08 23.37 25265
2460281.628964 0.99853 0.00108 1.2339 4.66 -0.29 23.91 27405
2460281.629115 0.99932 0.00108 1.2347 1.76 1.28 22.54 23656
2460281.629265 0.99766 0.00108 1.2354 2.04 0.99 22.82 25069
2460281.629415 0.99863 0.00108 1.2361 -0.21 -0.02 23.7 22450
2460281.629565 0.99831 0.00108 1.2369 -1.49 2.51 23.02 25098
2460281.629716 0.9962 0.00108 1.2376 -0.76 1.98 23.04 22676
2460281.629866 0.99941 0.00109 1.2384 1.78 -1.09 23.67 23338
2460281.630016 0.99797 0.00108 1.2391 3.27 0.34 21.84 28605
2460281.630166 0.99841 0.00109 1.2399 4.35 1.11 23.14 24881
2460281.630316 0.9992 0.00109 1.2406 1.35 0.93 23.55 22870
2460281.630467 0.99992 0.00109 1.2414 0.09 1.44 23.28 28554
2460281.630617 0.99806 0.00109 1.2422 2.19 -0.5 23.37 27286
2460281.630768 0.99858 0.00109 1.2429 3.47 0.3 22.74 25905
2460281.630918 0.99664 0.00109 1.2437 1.85 1.14 23.73 21668
2460281.631068 0.99721 0.00109 1.2445 2.6 3.12 23.03 25471
2460281.631218 0.99782 0.00109 1.2452 2.21 -1.91 22.41 28932
2460281.631369 0.998 0.00109 1.246 0.91 -0.42 22.99 27127
2460281.631519 1.00034 0.00109 1.2468 -1.45 -1.55 23.37 22588
2460281.631669 0.99805 0.00109 1.2475 -3.12 -0.83 22.92 24288
2460281.631819 0.99685 0.00109 1.2483 -1.84 -0.13 22.63 27565
2460281.631969 0.99761 0.00109 1.2491 -0.37 2.25 23.2 25894
2460281.632119 0.99829 0.0011 1.2499 0.74 -1.59 22.85 26853
2460281.63227 0.99951 0.0011 1.2506 0.15 -0.37 22.69 23554
2460281.63242 0.99847 0.0011 1.2514 1.26 -0.81 22.87 25244
2460281.632571 0.99683 0.0011 1.2522 2.01 1.45 22.83 25342
2460281.632721 0.99718 0.0011 1.253 2.21 1.29 22.34 25292
2460281.632871 0.99722 0.0011 1.2538 1.39 1.19 22.23 25147
2460281.633022 1.00144 0.0011 1.2546 1.13 0.8 22.18 24587
2460281.633172 0.99769 0.0011 1.2554 0.66 3.66 23.76 23512
2460281.633322 0.99626 0.0011 1.2561 -2.37 0.19 22.6 25176
2460281.633472 0.99515 0.0011 1.2569 -5.08 -0.56 23.23 25831
2460281.633623 0.99727 0.0011 1.2577 -6.77 0.54 22.32 24804
2460281.633773 0.9955 0.0011 1.2585 -4.1 1.15 22.68 26289
2460281.633923 0.99836 0.0011 1.2593 -0.28 1.34 24.08 23755
2460281.634074 0.99978 0.00111 1.2601 0.73 0.87 22.48 25766
2460281.634225 1.00029 0.00111 1.2609 -0.15 2.19 22.23 25474
2460281.634375 0.9966 0.00111 1.2618 -0.53 2.15 22.41 25107
2460281.634525 0.99718 0.00111 1.2626 -0.18 0.5 22.67 23523
2460281.634676 0.9987 0.00111 1.2634 0.86 -0.94 23.5 23627
2460281.634826 0.99887 0.00111 1.2642 0.15 1.61 23.55 22348
2460281.634976 0.99918 0.00111 1.265 2.49 -0.26 23.93 24800
2460281.635126 0.99747 0.00111 1.2658 1.68 0.61 24.39 21188
2460281.635277 0.99752 0.00111 1.2666 -0.56 0.31 23.59 26137
2460281.635427 1.00012 0.00111 1.2674 -4.41 0.64 21.74 28310
2460281.635577 0.9974 0.00111 1.2683 -6.13 2.46 23.14 23810
2460281.635728 0.99749 0.00111 1.2691 -1.06 0.03 26.11 20411
2460281.635878 0.99631 0.00111 1.2699 4.61 -0.1 23.23 24757
2460281.636028 0.99671 0.00111 1.2707 3.45 -1.15 23.25 23466
2460281.636178 0.99606 0.00111 1.2716 1.04 -0.09 22.38 24670
2460281.636328 0.99578 0.00112 1.2724 0.28 1.6 22.66 22425
2460281.636479 0.99684 0.00112 1.2732 0.56 1.85 23.57 24457
2460281.636629 0.99939 0.00112 1.2741 0.75 1.17 22.23 26535
2460281.636779 0.99748 0.00112 1.2749 -0.32 1.26 22.69 24356
2460281.636928 0.99707 0.00112 1.2757 2.42 -1.0 23.89 21167
2460281.637079 0.99943 0.00112 1.2766 1.97 0.96 22.4 24880
2460281.637229 0.99719 0.00112 1.2774 -0.57 1.21 22.76 24052
2460281.637379 0.99676 0.00112 1.2783 -1.14 -0.76 23.47 22870
2460281.637529 0.99741 0.00112 1.2791 -2.52 1.06 23.52 25433
2460281.63768 0.99693 0.00112 1.28 -2.35 1.58 22.06 24603
2460281.63783 0.99769 0.00112 1.2808 0.94 1.44 23.3 27048
2460281.63798 0.99767 0.00113 1.2817 -1.03 2.23 23.2 24655
2460281.63813 0.99684 0.00113 1.2825 1.11 -0.23 22.88 24500
2460281.638281 0.99687 0.00113 1.2834 -0.71 1.08 23.88 24154
2460281.638431 0.99706 0.00113 1.2843 0.46 2.02 22.71 20105
2460281.638581 0.99647 0.00113 1.2851 1.58 1.98 23.4 21968
2460281.638732 0.99711 0.00113 1.286 2.72 0.95 22.49 24405
2460281.638882 0.99696 0.00113 1.2868 2.6 -0.11 22.04 25353
2460281.639033 0.99672 0.00113 1.2877 2.71 2.43 22.89 25661
2460281.639183 1.00114 0.00114 1.2886 0.1 2.63 23.29 21113
2460281.639333 0.99816 0.00113 1.2895 -0.51 -1.22 21.97 25717
2460281.639484 0.99757 0.00113 1.2903 -2.35 1.91 21.99 28414
2460281.639634 0.99866 0.00114 1.2912 -2.39 -0.29 23.61 21866
2460281.639784 0.9964 0.00114 1.2921 -0.4 1.74 23.03 24766
2460281.639934 0.99831 0.00114 1.293 0.97 2.29 22.15 27414
2460281.640085 0.99891 0.00114 1.2938 0.71 0.16 22.3 25599
2460281.640235 0.99881 0.00114 1.2947 0.66 0.41 23.11 26420
2460281.640385 0.99776 0.00114 1.2955 -1.09 3.0 22.96 25026
2460281.640535 0.9997 0.00114 1.2965 0.83 -1.09 22.77 26610
2460281.640686 0.99784 0.00114 1.2974 1.41 -1.56 22.46 26578
2460281.640836 0.99723 0.00114 1.2983 4.48 -0.53 22.88 25430
2460281.640986 0.99816 0.00114 1.2991 2.74 -0.66 22.39 27635
2460281.641137 0.99868 0.00115 1.3001 -2.05 0.13 23.77 19645
2460281.641288 0.99777 0.00115 1.301 -1.7 1.07 22.31 26909
2460281.641438 0.99952 0.00115 1.3019 -4.12 1.04 23.67 24366
2460281.641588 0.99762 0.00115 1.3028 -3.42 3.21 23.8 22844
2460281.641738 0.99882 0.00115 1.3037 1.89 1.06 24.91 18036
2460281.641889 0.99714 0.00115 1.3045 3.44 0.75 23.17 24225
2460281.642039 0.99825 0.00115 1.3055 2.32 1.76 23.01 23472
2460281.642189 0.99851 0.00115 1.3064 4.14 -0.12 22.65 24493
2460281.642339 0.99696 0.00115 1.3073 1.12 -0.99 22.67 20599
2460281.64249 0.99991 0.00116 1.3083 1.81 -0.34 23.14 24215
2460281.64264 0.99817 0.00115 1.3092 1.43 0.97 22.61 25279
2460281.64279 0.9987 0.00116 1.3101 2.47 3.12 23.58 22213
2460281.642941 0.99788 0.00116 1.311 1.45 0.49 23.09 21755
2460281.643092 0.99774 0.00116 1.312 2.33 -1.34 22.69 25208
2460281.643242 0.9971 0.00116 1.3129 -2.3 3.48 23.21 23119
2460281.643392 0.99908 0.00116 1.3137 -3.77 1.6 22.3 23363
2460281.643543 0.99825 0.00116 1.3147 -0.92 1.75 24.38 21775
2460281.643693 0.99552 0.00116 1.3157 2.65 0.53 22.69 23972
2460281.643843 0.99692 0.00116 1.3165 2.22 1.19 22.83 21638
2460281.643994 0.9969 0.00116 1.3176 -1.18 0.49 23.61 20749
2460281.644144 0.99894 0.00117 1.3185 0.23 -1.58 23.32 25296
2460281.644294 0.99625 0.00116 1.3194 -0.07 -1.28 22.55 27115
2460281.644445 0.99862 0.00117 1.3203 0.14 0.48 23.12 26116
2460281.644595 0.99706 0.00117 1.3213 0.66 2.08 21.97 26555
2460281.644745 0.99833 0.00117 1.3222 -0.92 -0.15 22.29 25013
2460281.644895 0.99746 0.00117 1.3232 2.72 -0.18 23.63 25435
2460281.645046 0.99916 0.00117 1.3242 4.05 -1.35 22.3 26710
2460281.645196 0.99546 0.00117 1.3252 -1.88 0.83 22.77 26635
2460281.645346 0.99707 0.00117 1.326 -1.83 -0.18 22.59 27524
2460281.645497 0.99956 0.00118 1.3271 -1.06 0.19 22.01 27942
2460281.645647 0.99846 0.00118 1.328 0.53 2.65 22.39 23823
2460281.645797 0.99622 0.00117 1.3289 1.65 0.91 23.43 21618
2460281.645947 0.99797 0.00118 1.33 -3.06 1.05 22.95 23014
2460281.646098 0.99712 0.00118 1.3309 -1.76 2.12 22.47 25817
2460281.646248 0.99669 0.00118 1.3318 -0.55 0.18 22.82 22509
2460281.646398 0.99964 0.00118 1.3328 -1.21 1.11 22.51 27694
2460281.646549 0.99792 0.00118 1.3339 0.63 -0.07 22.98 21745
2460281.646699 0.99808 0.00118 1.3348 3.87 -1.47 22.52 25320
2460281.646849 0.99613 0.00118 1.3358 3.6 1.05 22.77 24267
2460281.646999 0.99696 0.00118 1.3368 3.79 1.7 23.27 28117
2460281.64715 0.99713 0.00118 1.3377 -0.75 1.75 22.75 23341
2460281.6473 0.99698 0.00119 1.3387 -2.2 1.56 23.67 20669
2460281.64745 0.99691 0.00119 1.3397 -1.27 1.58 23.38 20516
2460281.6476 0.99713 0.00119 1.3407 -0.93 0.13 22.66 22787
2460281.64775 0.99557 0.00119 1.3417 0.34 1.32 22.8 25126
2460281.6479 0.99731 0.00119 1.3427 -3.14 2.04 23.22 23495
2460281.648051 0.99817 0.00119 1.3438 -5.48 1.35 22.58 26018
2460281.648201 0.99717 0.00119 1.3447 -2.55 2.47 22.57 25222
2460281.648351 0.99756 0.00119 1.3457 0.33 1.96 21.85 21537
2460281.648502 0.99676 0.00119 1.3467 1.93 0.76 22.64 22497
2460281.648652 0.99763 0.0012 1.3477 3.88 1.05 22.48 21697
2460281.648801 0.99716 0.0012 1.3488 7.87 1.48 23.06 21977
2460281.648952 0.99696 0.0012 1.3498 3.2 1.02 24.53 16474
2460281.649102 0.99912 0.0012 1.3508 -1.2 0.44 22.84 21118
2460281.649252 0.99775 0.0012 1.3518 0.37 0.56 23.67 23502
2460281.649403 0.99875 0.0012 1.3528 -3.58 1.58 23.03 23899
2460281.649552 0.99775 0.0012 1.3539 3.04 0.32 24.38 21712
2460281.649702 0.99815 0.0012 1.3549 0.45 1.26 22.66 26865
2460281.649853 0.99834 0.0012 1.3559 -3.1 1.3 23.08 20779
2460281.650003 0.99726 0.0012 1.357 -3.35 -1.79 23.14 20465
2460281.650154 0.99662 0.0012 1.358 -0.82 -0.95 22.88 24558
2460281.650305 0.99886 0.00121 1.359 1.05 1.72 23.84 25042
2460281.650455 0.99848 0.00121 1.3601 2.11 0.69 22.34 24594
2460281.650605 0.99698 0.00121 1.3611 4.56 4.75 23.12 23800
2460281.650756 0.99719 0.00121 1.3622 4.11 1.86 22.51 21886
2460281.650906 0.99516 0.00121 1.3632 2.51 0.4 22.34 27343
