2460157.052158 0.99292 0.0018 2.327 -0.45 1.24 24.63 9461
2460157.052436 0.99657 0.00173 2.3195 0.82 -1.56 25.25 10356
2460157.052703 0.99635 0.00169 2.312 2.29 0.51 25.51 10036
2460157.052969 0.99862 0.00166 2.3046 -0.41 1.45 24.91 11403
2460157.053248 0.99562 0.00164 2.2972 0.57 -0.04 25.11 12508
2460157.053514 0.99479 0.00163 2.29 0.09 -2.24 24.93 14679
2460157.053781 0.993 0.00162 2.2827 2.6 -0.14 24.98 15268
2460157.054059 0.99328 0.0016 2.2755 2.92 -0.41 25.59 13400
2460157.054372 0.99558 0.00157 2.2672 2.14 -0.75 25.1 15967
2460157.054639 0.99358 0.00154 2.2601 1.92 -1.29 24.0 20740
2460157.054906 0.99364 0.00152 2.253 -0.61 1.19 24.33 20994
2460157.055173 0.99711 0.00153 2.246 0.52 0.19 24.19 19985
2460157.055451 0.99623 0.00153 2.2391 -0.76 -0.26 24.16 19110
2460157.055718 0.99953 0.00154 2.2321 -1.14 -0.37 25.01 14873
2460157.055985 0.99465 0.00153 2.2254 2.3 -0.04 25.05 15617
2460157.056263 0.99764 0.00158 2.2186 2.21 -0.1 23.98 13352
2460157.05653 0.993 0.00166 2.2119 3.1 -1.78 25.49 9075
2460157.060115 0.99435 0.00149 2.1261 -1.48 -1.18 24.36 14546
2460157.060382 0.99463 0.00144 2.12 3.35 -1.05 25.97 14032
2460157.06066 0.993 0.0014 2.1139 1.22 0.04 25.51 16167
2460157.060927 0.99469 0.0014 2.1078 -1.34 0.01 23.5 17697
2460157.061205 0.99485 0.00142 2.1017 0.58 0.25 25.21 15146
2460157.061472 0.99307 0.00138 2.0957 0.58 -1.14 24.11 20430
2460157.061739 0.99701 0.00137 2.0898 1.35 0.72 23.87 21610
2460157.062006 0.99807 0.00139 2.0839 0.02 -0.22 24.46 17662
2460157.062284 0.99445 0.0014 2.078 -2.31 -1.22 23.78 17296
2460157.062551 0.99357 0.0014 2.0721 1.02 -0.0 24.32 16400
2460157.062818 0.99458 0.00136 2.0663 0.91 -1.01 23.98 20609
2460157.063096 0.9948 0.00133 2.0604 3.02 0.62 25.18 19679
2460157.063363 0.99633 0.00132 2.0548 0.44 -0.26 24.05 22951
2460157.06363 0.99534 0.00132 2.0491 0.32 -0.93 24.15 22681
2460157.063897 0.99769 0.00133 2.0434 1.11 0.54 24.24 21361
2460157.064175 0.99542 0.00133 2.0378 -0.27 0.22 23.53 21031
2460157.064442 0.99366 0.00132 2.0322 0.31 0.73 23.28 24056
2460157.064709 0.99548 0.00131 2.0266 -0.45 -0.96 23.84 21862
2460157.064976 0.9945 0.00131 2.0212 0.41 -0.62 23.68 21355
2460157.065254 0.99643 0.0013 2.0157 3.21 0.0 23.89 19867
2460157.065521 0.99738 0.00129 2.0102 2.5 -1.36 24.67 20630
2460157.065788 0.9957 0.00129 2.0048 0.13 0.93 23.6 22744
2460157.066066 0.99561 0.00128 1.9994 0.43 -0.32 23.41 24763
2460157.066333 0.99499 0.00127 1.9941 1.28 0.13 23.67 21632
2460157.0666 0.99487 0.00126 1.9888 1.43 0.34 24.16 21035
2460157.066866 0.99612 0.00126 1.9835 0.69 -0.68 24.12 21882
2460157.067145 0.99913 0.00125 1.9782 1.44 -0.71 24.13 25219
2460157.067412 0.99431 0.00124 1.973 2.92 -1.0 24.92 19667
2460157.067678 0.99752 0.00124 1.9678 5.17 -0.34 24.24 19865
2460157.067957 0.99709 0.00125 1.9626 -1.27 -1.31 24.06 20948
2460157.068223 0.99529 0.00124 1.9575 1.05 0.0 23.68 22501
2460157.06849 0.99658 0.00123 1.9524 1.55 -0.17 23.59 23865
2460157.068769 0.99519 0.00122 1.9473 -0.25 -0.52 24.34 22901
2460157.069035 0.99545 0.00122 1.9423 0.74 -0.62 23.45 27775
2460157.069302 0.99814 0.00121 1.9372 0.12 -0.15 23.91 22985
2460157.069581 0.99442 0.0012 1.9323 1.27 -0.46 24.16 25470
2460157.070115 0.99529 0.0012 1.9223 0.74 0.35 22.92 24421
2460157.070394 0.99526 0.0012 1.9175 1.39 -0.73 24.65 21780
2460157.07066 0.99651 0.0012 1.9126 0.27 0.61 23.3 24592
2460157.070927 0.99639 0.00118 1.9078 1.7 -0.48 23.64 26310
2460157.071194 0.9978 0.00118 1.903 0.61 0.11 23.62 25383
2460157.071472 0.99452 0.00118 1.8983 -0.64 -0.58 24.48 23409
2460157.071739 0.99669 0.00117 1.8935 0.49 -0.99 24.99 18774
2460157.072006 0.99764 0.00116 1.8888 2.29 0.08 24.61 23844
2460157.072273 0.99718 0.00115 1.8841 2.92 0.31 24.44 26014
2460157.072551 0.99573 0.00114 1.8795 -0.2 -0.98 23.01 30616
2460157.072818 0.99868 0.00114 1.8748 1.64 -0.77 23.6 26780
2460157.073085 0.99804 0.00113 1.8702 1.25 -0.23 24.43 26107
2460157.073352 0.99611 0.00113 1.8656 -0.09 -0.73 23.88 28312
2460157.07363 0.99766 0.00113 1.8611 0.16 -0.59 23.53 28146
2460157.073897 0.99872 0.00113 1.8565 0.88 -0.28 23.71 25775
2460157.074164 0.99798 0.00113 1.852 2.47 -1.28 23.3 29712
2460157.074431 0.99707 0.00113 1.8476 3.71 -0.39 23.77 25558
2460157.074709 0.99759 0.00113 1.8431 1.92 1.25 23.17 25871
2460157.074976 0.99808 0.00112 1.8387 0.84 -0.77 23.04 27719
2460157.075243 0.99746 0.00111 1.8343 0.8 0.14 22.62 31727
2460157.075509 0.99901 0.0011 1.83 2.44 -0.28 23.08 30549
2460157.075788 0.99914 0.00109 1.8256 0.02 -0.84 23.43 31758
2460157.076055 0.99896 0.00108 1.8212 -3.54 -0.04 22.26 32897
2460157.076321 0.99817 0.00107 1.8169 -2.32 -0.06 22.13 34008
2460157.0766 0.99627 0.00107 1.8127 2.12 -1.03 23.15 32101
2460157.076867 0.99664 0.00106 1.8084 -0.71 1.63 22.72 31541
2460157.077133 0.99519 0.00106 1.8042 -0.69 0.99 22.0 35055
2460157.0774 0.99552 0.00106 1.8 -1.59 0.77 22.53 33928
2460157.077679 0.9971 0.00106 1.7959 1.28 -0.18 23.59 29190
2460157.077945 0.99974 0.00106 1.7916 0.32 0.45 23.97 28677
2460157.078212 0.99612 0.00105 1.7876 -0.57 -0.62 23.02 31744
2460157.078479 0.99729 0.00105 1.7834 -0.35 -1.18 22.94 32069
2460157.078757 0.99899 0.00105 1.7794 1.38 -0.02 23.95 32167
2460157.079024 0.99796 0.00104 1.7753 2.32 -0.67 23.04 31717
2460157.079291 0.99872 0.00104 1.7712 2.49 0.53 23.8 28009
2460157.079836 0.99655 0.00103 1.7632 1.03 -1.22 23.94 29520
2460157.080103 0.99857 0.00104 1.7592 1.38 0.05 23.52 27812
2460157.08037 1.00051 0.00105 1.7552 0.61 -0.81 23.96 23249
2460157.080648 0.99775 0.00105 1.7513 -0.48 -0.39 23.68 24775
2460157.080916 0.99812 0.00104 1.7474 2.05 -0.36 22.52 28258
2460157.081195 0.99723 0.00103 1.7434 1.33 -0.68 23.12 28572
2460157.081461 0.99553 0.00102 1.7396 1.73 -0.22 22.97 29251
2460157.081728 0.99893 0.00102 1.7357 0.25 -0.62 25.01 25828
2460157.081995 0.99802 0.00101 1.7319 -1.28 0.29 21.62 34134
2460157.082273 0.99669 0.001 1.7281 2.08 0.08 22.94 31292
2460157.08254 0.99883 0.001 1.7243 0.22 0.05 23.63 31386
2460157.082818 0.99651 0.00099 1.7205 -3.38 0.69 22.11 34242
2460157.083085 0.99755 0.00099 1.7167 0.18 -0.34 22.79 33472
2460157.083352 0.9987 0.00099 1.713 -1.09 0.88 22.19 33682
2460157.08363 0.99835 0.00098 1.7092 2.76 -0.08 22.94 35168
2460157.083897 0.99908 0.00098 1.7056 -1.09 0.89 22.15 36484
2460157.084164 0.99902 0.00098 1.7019 -1.43 0.45 21.91 38089
2460157.084442 0.99984 0.00097 1.6983 -1.2 1.0 22.06 35749
2460157.084709 0.99971 0.00097 1.6946 -2.19 0.93 22.39 34664
2460157.084988 0.99928 0.00097 1.6909 0.51 -0.98 23.48 30563
2460157.085255 1.0 0.00097 1.6874 -3.05 1.23 21.97 32856
2460157.085521 0.99934 0.00096 1.6838 -1.24 0.44 22.22 35100
2460157.085788 0.99954 0.00096 1.6803 0.21 0.07 22.16 34600
2460157.086333 0.99909 0.00095 1.6733 -1.95 0.25 22.13 35799
2460157.0866 0.99906 0.00095 1.6697 1.41 -0.66 23.67 31755
2460157.086867 0.99936 0.00095 1.6663 1.99 0.45 23.61 30516
2460157.087145 1.00063 0.00095 1.6628 -3.02 0.25 22.21 36117
2460157.087412 0.99823 0.00094 1.6593 -0.18 -1.01 23.9 29248
2460157.087679 0.99968 0.00094 1.656 -2.86 0.03 22.39 31092
2460157.087946 0.9994 0.00094 1.6525 -2.92 0.77 23.09 33808
2460157.088224 1.00086 0.00094 1.6492 2.31 0.24 23.71 31944
2460157.088491 1.00188 0.00093 1.6458 0.74 0.11 23.23 32556
2460157.088758 1.00019 0.00093 1.6424 -1.73 -0.11 21.74 35331
2460157.089036 1.00042 0.00093 1.6391 -1.16 1.26 21.85 35575
2460157.089303 0.99929 0.00093 1.6357 1.21 -0.68 23.97 27834
2460157.08957 1.00043 0.00092 1.6324 -2.92 0.32 21.82 36218
2460157.089848 0.99947 0.00092 1.6291 -0.41 -1.05 24.37 30628
2460157.090115 0.99988 0.00092 1.6259 -1.34 0.79 21.96 37160
2460157.090382 1.00137 0.00091 1.6226 2.1 0.98 24.69 30159
2460157.09066 1.00107 0.00091 1.6194 -1.19 0.86 22.7 33097
2460157.090927 1.00122 0.00091 1.6162 -1.64 0.79 22.44 39081
2460157.091194 1.0014 0.00091 1.613 -1.49 -0.07 21.83 39953
2460157.091472 0.99919 0.0009 1.6098 0.47 0.63 22.87 33539
2460157.091739 1.0001 0.0009 1.6066 -3.33 0.43 22.34 34547
2460157.092007 1.00072 0.0009 1.6035 0.01 -1.55 24.45 26805
2460157.092273 0.99999 0.0009 1.6003 1.28 -0.62 25.11 24524
2460157.092552 1.00181 0.00089 1.5972 -0.87 0.49 22.04 36244
2460157.092819 1.00114 0.00089 1.5941 -2.23 0.85 21.66 37361
2460157.093085 1.00176 0.00089 1.591 1.0 -0.17 24.39 27564
2460157.093352 1.00107 0.00089 1.5879 1.51 -1.81 23.28 32646
2460157.093631 1.00099 0.00088 1.5849 0.44 -0.65 23.83 30373
2460157.093898 1.00183 0.00088 1.5819 0.56 -0.29 23.49 31083
2460157.094164 1.00146 0.00088 1.5788 -3.56 -0.04 22.02 36448
2460157.094431 1.00148 0.00088 1.5758 -1.74 0.03 22.23 37238
2460157.09471 1.00248 0.00088 1.5729 -0.07 1.24 22.53 36613
2460157.094976 1.00301 0.00088 1.5698 -1.7 0.58 21.42 40263
2460157.095243 1.00017 0.00087 1.5668 -1.27 1.31 22.01 40115
2460157.095522 1.00249 0.00087 1.5639 -1.7 0.7 22.59 34522
2460157.095811 1.00374 0.00087 1.5608 2.73 -0.36 23.32 30572
2460157.096078 1.0007 0.00087 1.5579 -0.08 0.2 24.63 27689
2460157.09638 1.00211 0.00086 1.5545 0.67 -1.15 23.57 30968
2460157.096658 1.00206 0.00086 1.5516 0.95 1.56 23.68 32288
2460157.096925 1.00131 0.00086 1.5488 1.94 -0.49 24.44 27379
2460157.097192 1.00136 0.00085 1.5459 2.16 0.08 23.93 29774
2460157.097459 1.00391 0.00086 1.5431 1.78 -0.06 25.07 24181
2460157.097772 1.00244 0.00085 1.5398 1.25 -1.48 23.41 32562
2460157.098039 1.00231 0.00085 1.537 1.41 -0.15 23.54 30285
2460157.098317 1.0023 0.00085 1.5342 0.9 -1.59 24.65 26343
2460157.098584 1.00084 0.00085 1.5314 -0.53 0.07 24.45 27778
2460157.098851 1.0033 0.00085 1.5286 -0.45 -0.24 23.92 27265
2460157.099118 1.00252 0.00084 1.5259 2.54 -0.98 25.81 23190
2460157.099396 1.00367 0.00084 1.5231 1.52 -0.03 24.87 24583
2460157.099663 1.00311 0.00084 1.5204 0.55 -0.12 23.39 32447
2460157.099941 1.00342 0.00084 1.5176 1.37 0.68 24.21 30635
2460157.100208 1.00319 0.00083 1.5149 3.99 -0.29 23.89 29834
2460157.100475 1.0026 0.00083 1.5123 -2.52 1.11 22.3 37899
2460157.100788 1.00318 0.00083 1.5092 -3.16 -0.19 21.9 35556
2460157.101055 1.00197 0.00083 1.5065 -2.46 -0.2 22.94 34675
2460157.101322 1.00227 0.00082 1.5038 -1.77 0.95 21.76 40560
2460157.101588 1.00292 0.00082 1.5013 2.07 -0.72 23.48 33649
2460157.101867 1.00339 0.00082 1.4986 -1.81 0.58 22.01 40427
2460157.102134 1.00309 0.00082 1.496 -1.84 0.34 21.87 35762
2460157.1024 1.00299 0.00082 1.4934 -1.29 0.37 22.05 34427
2460157.102946 1.00446 0.00081 1.4882 -3.8 1.4 21.39 38596
2460157.103213 1.00412 0.00081 1.4856 -2.9 -0.23 21.1 41812
2460157.10348 1.00332 0.00081 1.4831 -1.67 0.78 21.36 38955
2460157.103759 1.00268 0.00081 1.4805 -0.21 0.53 20.95 41116
2460157.104025 1.00335 0.00081 1.478 -1.73 0.97 20.98 44879
2460157.104292 1.0042 0.00081 1.4755 -2.99 0.92 20.88 54671
2460157.104571 1.00347 0.0008 1.473 -1.62 0.59 20.64 52749
2460157.104837 1.00297 0.0008 1.4705 -0.85 0.53 20.75 47404
2460157.105104 1.00488 0.0008 1.468 -1.58 0.64 20.78 49013
2460157.105383 1.00374 0.0008 1.4655 -2.79 -0.13 21.31 40104
2460157.105649 1.00413 0.0008 1.4631 -2.44 0.48 21.11 39233
2460157.105916 1.00405 0.00079 1.4606 -1.18 0.62 21.01 52619
2460157.106183 1.00412 0.00079 1.4582 -0.82 0.68 20.53 47686
2460157.106461 1.00363 0.00079 1.4558 -2.17 0.56 20.75 52440
2460157.106728 1.00434 0.00079 1.4534 -1.76 0.51 20.09 58955
2460157.106995 1.00299 0.00079 1.451 -0.91 1.02 20.95 51216
2460157.107262 1.00336 0.00078 1.4486 -1.8 0.39 20.23 49623
2460157.10754 1.0024 0.00078 1.4462 -3.34 0.24 21.02 41565
2460157.107807 1.00284 0.00078 1.4438 -2.48 0.71 20.72 46176
2460157.108074 1.00327 0.00078 1.4415 -0.52 0.51 20.58 52614
2460157.108352 1.00395 0.00078 1.4391 -1.07 0.29 20.21 57330
2460157.108619 1.00368 0.00078 1.4368 -1.49 1.24 20.78 48027
2460157.108886 1.00428 0.00078 1.4345 -1.54 0.55 19.82 55185
2460157.109152 1.0028 0.00077 1.4322 -1.35 0.99 20.17 48933
2460157.109431 1.00419 0.00077 1.4299 -1.32 0.82 19.78 53373
2460157.109698 1.00487 0.00078 1.4276 -2.78 0.45 19.75 53302
2460157.109964 1.0033 0.00078 1.4253 -4.81 0.21 21.04 50241
2460157.110231 1.00226 0.00078 1.423 -1.62 1.14 20.15 50202
2460157.110776 1.00324 0.00079 1.4185 -1.11 0.69 21.47 46911
2460157.111043 1.00397 0.00079 1.4163 -1.68 1.07 20.15 44731
2460157.111322 1.0048 0.00079 1.4141 -1.41 0.55 19.88 45083
2460157.111588 1.00447 0.00078 1.4118 -1.12 1.37 20.14 45309
2460157.111855 1.00513 0.00078 1.4096 -2.34 0.7 19.45 51117
2460157.112122 1.00265 0.00078 1.4075 -3.48 0.29 19.8 47576
2460157.1124 1.00294 0.00077 1.4053 -1.78 -0.12 20.24 45662
2460157.112667 1.004 0.00077 1.4031 -0.84 -0.38 20.82 40456
2460157.112934 1.00459 0.00077 1.4009 -1.54 0.71 20.51 44857
2460157.113201 1.0044 0.00077 1.3987 -1.08 0.46 20.56 47632
2460157.113479 1.00343 0.00076 1.3966 -1.46 0.64 20.49 46555
2460157.113746 1.00512 0.00076 1.3944 -0.96 0.78 19.7 51489
2460157.114013 1.00426 0.00076 1.3923 -2.11 0.24 20.28 48567
2460157.114292 1.00368 0.00076 1.3902 -3.1 0.44 20.55 47539
2460157.114559 1.00581 0.00076 1.3881 -1.87 -0.08 20.5 45166
2460157.114826 1.00538 0.00076 1.386 -0.27 0.57 19.67 54503
2460157.115104 1.0041 0.00075 1.3839 -0.44 0.42 20.79 45638
2460157.115371 1.00578 0.00075 1.3819 -2.32 0.0 20.41 47981
2460157.115638 1.00456 0.00075 1.3798 -1.27 0.78 20.12 53935
2460157.115905 1.00509 0.00075 1.3777 -1.28 0.8 20.68 44026
2460157.116183 1.00554 0.00075 1.3757 -1.99 1.22 20.4 45333
2460157.11645 1.00555 0.00074 1.3737 -3.17 0.47 20.32 52478
2460157.116717 1.00298 0.00074 1.3716 -2.81 0.37 19.62 53604
2460157.116983 1.00363 0.00074 1.3696 -1.69 -0.03 20.01 52739
2460157.117262 1.00481 0.00074 1.3676 0.6 0.62 20.47 45539
2460157.117529 1.00573 0.00074 1.3656 -1.58 1.0 20.08 49188
2460157.117795 1.00432 0.00074 1.3636 -1.57 0.78 20.12 52494
2460157.118074 1.0066 0.00074 1.3616 -1.33 0.84 20.53 41819
2460157.118607 1.00436 0.00073 1.3577 -2.46 0.41 20.79 40524
2460157.118874 1.00383 0.00073 1.3557 -3.64 0.15 21.14 39375
2460157.119153 1.00497 0.00073 1.3538 -1.68 0.72 20.57 44164
2460157.119419 1.00503 0.00073 1.3518 0.2 -0.25 21.08 39926
2460157.119686 1.00548 0.00073 1.3498 4.04 -0.3 23.33 28792
2460157.119965 1.00496 0.00074 1.3479 0.85 -1.12 23.15 32286
2460157.120231 1.00467 0.00075 1.346 -2.11 0.63 20.64 36725
2460157.120498 1.00497 0.00076 1.3441 -1.55 0.8 21.02 35939
2460157.120777 1.00575 0.00078 1.3422 -2.33 0.6 20.05 36966
2460157.121043 1.00317 0.00081 1.3403 -0.25 -0.51 21.64 28697
2460157.12131 1.00116 0.00085 1.3384 0.21 -0.84 20.95 28113
2460157.121623 1.00508 0.0009 1.3363 2.51 -0.48 20.77 25517
2460157.12189 1.00576 0.00089 1.3344 3.53 -1.0 21.4 23714
2460157.122157 1.00506 0.00091 1.3326 1.55 -0.54 21.63 21451
2460157.122435 1.00357 0.0009 1.3308 1.27 -0.14 21.37 23801
2460157.122702 1.00331 0.00088 1.3289 1.83 -0.41 21.04 26185
2460157.122969 1.00174 0.0009 1.3271 -0.38 -0.29 20.85 24596
2460157.123236 1.0006 0.0009 1.3253 -0.75 -0.13 21.52 22013
2460157.123514 1.00204 0.00102 1.3235 -0.0 -0.71 22.09 15213
2460157.123781 1.00298 0.00115 1.3216 2.3 -0.1 22.46 11909
2460157.124048 1.00395 0.00108 1.3199 3.5 -0.59 22.05 14086
2460157.124315 1.00483 0.00101 1.3181 0.85 0.31 21.32 18356
2460157.124593 1.00748 0.00087 1.3163 1.39 -0.13 21.29 24105
2460157.12486 1.00748 0.00097 1.3145 1.68 0.81 22.21 16327
2460157.125127 1.00064 0.00095 1.3128 0.21 0.08 22.67 16265
2460157.125405 1.00215 0.00086 1.311 0.82 -0.43 20.8 26496
2460157.125673 1.00516 0.00087 1.3092 -0.58 0.27 21.97 22900
2460157.12594 1.00628 0.00088 1.3075 1.58 -0.56 21.37 22073
2460157.126206 1.00639 0.00092 1.3058 3.24 -0.9 22.56 19090
2460157.126485 1.00537 0.00088 1.304 2.19 -0.61 22.69 21108
2460157.126752 1.00519 0.00085 1.3023 0.82 0.14 21.39 24842
2460157.127018 1.00542 0.00077 1.3007 1.29 -0.55 20.89 33161
