2460157.052254 0.99607 0.00275 2.3242 -0.89 0.82 24.09 7229
2460157.052415 0.98927 0.00269 2.3199 -0.14 -0.75 24.47 6529
2460157.052569 0.99832 0.00271 2.3155 3.02 -1.73 25.72 6489
2460157.052723 0.99598 0.00265 2.3112 1.41 2.52 25.06 6777
2460157.052884 0.99519 0.00262 2.3068 2.97 2.36 24.84 7613
2460157.053038 0.99497 0.0026 2.3026 0.25 -0.84 24.29 8432
2460157.053192 0.99754 0.00259 2.2984 1.06 1.37 25.3 7968
2460157.053353 0.99379 0.00258 2.2941 -0.93 0.29 25.18 8219
2460157.053514 0.99827 0.00258 2.2899 0.07 -2.13 24.9 8616
2460157.053668 0.99794 0.00257 2.2856 0.68 -0.27 24.85 10222
2460157.053822 0.99213 0.00256 2.2814 1.37 -0.21 25.28 8591
2460157.053983 0.99374 0.00254 2.2772 2.56 0.08 24.34 9720
2460157.054136 0.99694 0.00252 2.273 2.95 0.68 25.97 9534
2460157.054304 0.99304 0.00249 2.2687 1.02 0.28 24.71 9435
2460157.054458 1.00006 0.00249 2.2646 0.43 0.72 24.97 11240
2460157.054619 0.99238 0.00246 2.2605 0.94 -0.24 24.17 12421
2460157.054773 0.99731 0.00245 2.2563 0.88 0.98 24.55 11406
2460157.054927 0.99645 0.00244 2.2523 -1.17 1.18 24.63 12759
2460157.055088 0.99421 0.00244 2.2483 2.02 -0.69 24.17 12592
2460157.055242 0.99816 0.00245 2.2443 -1.62 1.35 24.86 11185
2460157.055396 0.99637 0.00244 2.2402 -0.89 -0.76 24.84 10761
2460157.055557 0.99782 0.00243 2.2362 0.05 0.41 24.41 11638
2460157.055711 0.99758 0.00244 2.2322 -1.02 -0.71 25.88 8602
2460157.055865 0.99629 0.00243 2.2282 1.42 0.72 24.85 11001
2460157.056026 0.99234 0.00242 2.2242 1.37 0.65 24.58 10860
2460157.056187 1.00097 0.00246 2.2202 1.15 -0.86 24.93 8349
2460157.056341 1.00183 0.00252 2.2163 5.18 0.83 24.03 8162
2460157.056502 0.99696 0.00256 2.2124 1.28 0.53 25.56 6046
2460157.059981 0.98893 0.00236 2.129 -3.45 -1.54 24.95 7634
2460157.060142 0.99576 0.00231 2.1254 -2.92 -0.33 23.54 9531
2460157.060296 0.9984 0.00229 2.122 1.51 -0.94 25.19 8844
2460157.06045 0.99239 0.00224 2.1183 0.64 0.93 25.98 8490
2460157.060604 0.99051 0.00221 2.1148 -1.1 -0.14 24.14 11657
2460157.060765 0.99436 0.00221 2.1113 2.74 0.34 24.89 11205
2460157.061073 1.00276 0.00224 2.1042 -0.05 0.65 25.04 9715
2460157.061233 0.99327 0.00222 2.1008 -0.3 0.97 25.63 9119
2460157.061387 0.99018 0.00218 2.0973 0.29 -1.96 23.52 12873
2460157.061548 0.99539 0.00219 2.0938 1.57 0.48 23.91 12119
2460157.061702 1.00014 0.00218 2.0904 0.8 -0.02 23.69 13631
2460157.061856 0.99821 0.00217 2.087 -0.03 0.96 24.46 11380
2460157.06201 0.99869 0.00219 2.0835 -1.61 -0.1 23.61 12805
2460157.062171 0.99365 0.0022 2.0801 -0.55 0.17 24.26 9799
2460157.062332 0.99559 0.0022 2.0767 -3.1 -1.0 23.37 10674
2460157.062486 0.99172 0.0022 2.0734 0.4 -0.39 24.17 9897
2460157.062647 0.99295 0.00216 2.0699 -0.62 0.06 23.49 11514
2460157.062801 0.99272 0.00214 2.0665 0.09 -0.1 23.04 13590
2460157.062962 0.9941 0.00213 2.0631 4.32 -0.92 23.77 14630
2460157.063116 0.99591 0.00211 2.0598 0.6 1.43 23.24 14506
2460157.063277 0.99275 0.00209 2.0564 -0.34 -0.36 23.91 14481
2460157.063431 0.99715 0.0021 2.0532 -0.24 0.33 23.94 15230
2460157.063585 0.99341 0.00209 2.0498 -0.31 -0.72 24.14 13559
2460157.063746 0.99505 0.00209 2.0465 1.56 0.65 23.92 15370
2460157.0639 0.99506 0.00209 2.0433 0.5 1.46 24.02 12835
2460157.064061 0.9957 0.0021 2.04 1.1 1.18 24.35 12712
2460157.064215 0.99719 0.0021 2.0367 0.1 0.7 22.98 14219
2460157.064376 0.99447 0.00209 2.0334 -0.14 0.76 22.8 14199
2460157.064537 0.99344 0.00208 2.0302 -0.46 0.55 23.24 14343
2460157.064691 0.99472 0.00207 2.0269 -1.32 -0.95 23.89 13015
2460157.064845 0.99726 0.00207 2.0237 -1.0 0.01 23.13 14348
2460157.065006 0.99487 0.00206 2.0205 0.02 -0.96 23.7 13476
2460157.065181 0.99708 0.00206 2.0169 4.51 1.24 23.33 14058
2460157.065342 0.998 0.00205 2.0137 1.25 -0.15 24.05 13384
2460157.065496 0.9966 0.00205 2.0105 2.07 -1.14 24.73 12474
2460157.065649 0.99454 0.00204 2.0074 -0.46 0.55 24.23 13166
2460157.06581 0.99971 0.00204 2.0043 -0.99 0.9 23.18 14687
2460157.065964 0.99932 0.00203 2.0011 0.64 -0.23 24.34 13618
2460157.066118 0.99264 0.00201 1.9981 0.09 0.38 22.52 17005
2460157.066279 0.99491 0.002 1.995 1.42 0.07 22.65 15230
2460157.066433 0.99433 0.002 1.9919 0.53 0.79 23.63 14716
2460157.066587 0.99895 0.002 1.9889 0.56 -0.01 23.25 14329
2460157.066741 0.99144 0.00198 1.9858 -1.14 -0.26 22.91 15225
2460157.066902 0.99724 0.00199 1.9828 -0.14 -0.87 23.76 14698
2460157.067056 0.99721 0.00198 1.9797 -0.62 -0.56 23.44 16227
2460157.06721 0.9996 0.00198 1.9767 0.64 -0.51 23.58 16463
2460157.067371 0.99656 0.00197 1.9737 2.92 0.74 25.58 12023
2460157.067525 0.99524 0.00196 1.9707 0.75 -0.49 24.15 14078
2460157.067679 1.00049 0.00197 1.9677 4.86 -0.38 23.52 14538
2460157.06784 0.99211 0.00196 1.9647 -0.63 1.32 24.23 12768
2460157.067994 0.99775 0.00197 1.9618 -1.09 -0.16 23.23 14727
2460157.068148 0.99567 0.00196 1.9587 0.35 0.13 23.38 14175
2460157.068301 0.99751 0.00196 1.9558 0.73 1.03 23.35 14709
2460157.068462 0.99877 0.00195 1.9529 0.61 -0.05 23.48 14724
2460157.068616 0.99849 0.00194 1.9499 -0.81 0.04 23.19 16328
2460157.06877 0.99315 0.00193 1.947 -2.49 0.72 23.66 14924
2460157.068931 0.99382 0.00192 1.9441 0.7 -0.49 22.28 18636
2460157.069085 0.99731 0.00192 1.9412 -0.35 0.44 22.76 17790
2460157.069239 0.99944 0.00192 1.9382 -0.81 -0.12 23.41 15307
2460157.0694 1.00117 0.00192 1.9354 -0.79 -0.03 23.91 13933
2460157.069554 0.99588 0.0019 1.9325 0.32 -0.84 23.46 16053
2460157.069716 0.99587 0.0019 1.9296 2.0 1.89 23.72 15637
2460157.06987 0.99456 0.00189 1.9268 2.11 -1.48 23.12 15927
2460157.070024 0.9947 0.00189 1.924 0.74 0.41 22.36 18060
2460157.070185 0.9944 0.00189 1.9211 -0.15 0.47 23.47 14217
2460157.070339 0.99315 0.00188 1.9182 1.07 0.6 24.31 13656
2460157.070493 0.99837 0.00189 1.9154 0.32 -0.32 23.79 14183
2460157.070661 0.9945 0.00188 1.9125 -0.0 1.24 23.45 14277
2460157.070815 0.99635 0.00187 1.9097 0.63 0.67 23.06 16268
2460157.070976 0.99808 0.00186 1.9069 0.33 0.18 23.14 17396
2460157.07113 0.99893 0.00186 1.9041 -0.53 0.2 23.13 16702
2460157.071283 0.99856 0.00186 1.9013 0.08 0.2 23.6 16576
2460157.071444 0.99691 0.00186 1.8985 -2.65 -1.25 24.18 15020
2460157.071598 0.98996 0.00184 1.8958 -0.1 1.71 23.76 14239
2460157.071752 0.9968 0.00184 1.8931 -0.36 -1.08 23.33 14264
2460157.071913 0.99722 0.00183 1.8903 1.29 -0.62 24.42 14163
2460157.072067 0.9967 0.00183 1.8876 1.16 1.1 24.74 15261
2460157.072221 0.9972 0.00182 1.8849 1.84 -0.17 23.58 17511
2460157.072382 0.99603 0.00181 1.8822 -0.2 0.79 23.24 18424
2460157.072536 0.99923 0.00181 1.8795 -0.2 -0.36 23.61 16820
2460157.072697 0.99656 0.0018 1.8767 0.28 -0.18 24.41 16869
2460157.072851 0.99866 0.0018 1.874 0.92 0.22 23.62 15740
2460157.073012 0.99777 0.0018 1.8714 -0.28 -0.16 23.69 16693
2460157.073166 0.99821 0.00179 1.8687 -1.72 0.56 23.9 17239
2460157.07332 0.99705 0.00179 1.8661 -1.57 0.79 22.86 20069
2460157.073481 0.99629 0.00178 1.8634 0.63 -1.04 23.19 20089
2460157.073635 0.99486 0.00178 1.8608 -0.29 0.21 23.51 17784
2460157.073789 0.99648 0.00178 1.8582 -0.39 -0.87 23.21 16533
2460157.07395 1.0023 0.00179 1.8555 0.02 0.67 23.36 15839
2460157.074104 0.99598 0.00177 1.8529 0.94 -0.45 22.76 19035
2460157.074265 1.00073 0.00178 1.8502 1.47 -0.4 23.54 14825
2460157.074426 0.99905 0.00178 1.8476 1.6 0.46 22.84 16030
2460157.07458 0.99656 0.00178 1.845 2.73 -0.29 23.36 17181
2460157.074741 0.99786 0.00177 1.8425 0.16 0.67 23.08 16769
2460157.074894 0.99953 0.00177 1.8399 0.34 -0.75 22.9 17569
2460157.075048 0.99767 0.00176 1.8373 0.23 0.61 22.3 19735
2460157.075209 0.99499 0.00175 1.8348 -1.26 -0.25 22.92 17210
2460157.075363 0.99691 0.00174 1.8323 1.44 1.38 22.0 21725
2460157.075524 0.99951 0.00173 1.8297 0.94 0.01 22.7 20224
2460157.075678 0.99653 0.00172 1.8272 0.84 0.7 23.09 21955
2460157.075839 0.99933 0.00172 1.8246 -1.8 -0.66 22.11 24773
2460157.075993 0.99797 0.00171 1.8221 -1.23 0.16 22.89 22480
2460157.076147 0.99564 0.0017 1.8197 -1.58 -0.65 23.05 21827
2460157.076308 0.99574 0.0017 1.8172 -0.01 -0.18 22.64 21905
2460157.076462 0.99602 0.00169 1.8147 0.77 0.06 23.18 20916
2460157.076616 0.99747 0.00169 1.8122 2.01 -0.19 22.73 22067
2460157.076777 0.9915 0.00168 1.8098 1.35 0.62 22.62 19889
2460157.076938 0.99531 0.00168 1.8072 1.09 1.86 23.01 19853
2460157.077246 0.9974 0.00168 1.8023 0.31 0.73 23.31 22339
2460157.077407 0.99855 0.00168 1.7999 0.52 -0.08 22.86 23475
2460157.077561 0.99603 0.00167 1.7975 0.48 1.06 22.79 20843
2460157.077721 0.99856 0.00167 1.795 0.8 -0.6 22.96 21813
2460157.077875 0.99804 0.00167 1.7927 0.27 1.76 23.89 18563
2460157.078029 0.9976 0.00166 1.7902 -1.58 -0.85 23.15 20232
2460157.07819 0.99681 0.00166 1.7878 -1.84 -0.02 22.35 22178
2460157.078344 0.99557 0.00165 1.7854 -1.5 -0.06 22.48 21863
2460157.078498 0.99647 0.00165 1.7831 -0.65 -1.33 23.16 19560
2460157.078661 0.99979 0.00166 1.7807 1.85 -0.04 24.34 18429
2460157.078812 0.99752 0.00165 1.7783 -0.07 0.21 23.63 21924
2460157.07897 0.99992 0.00165 1.776 2.32 -0.24 23.5 18538
2460157.079128 0.99579 0.00164 1.7736 0.38 0.52 23.1 20649
2460157.079279 0.99769 0.00164 1.7712 0.7 -0.36 23.03 18693
2460157.079437 0.9984 0.00164 1.7689 0.98 0.29 24.02 17993
2460157.079595 0.9949 0.00163 1.7666 -0.2 -0.05 23.62 17726
2460157.079753 0.99145 0.00162 1.7643 -0.04 -0.94 24.21 17080
2460157.079904 0.9978 0.00163 1.762 0.05 -0.03 24.18 18197
2460157.080063 0.99863 0.00163 1.7597 0.82 0.96 23.25 18461
2460157.080221 0.99791 0.00163 1.7574 -1.28 0.04 22.9 18847
2460157.080379 0.99938 0.00164 1.7551 0.2 0.06 24.12 14836
2460157.080537 0.99684 0.00164 1.7528 -1.85 -0.09 23.41 16214
2460157.080695 0.9953 0.00164 1.7505 -0.97 -0.14 23.24 17014
2460157.080854 0.99976 0.00164 1.7482 0.96 -0.27 23.2 17345
2460157.081012 0.99565 0.00162 1.7459 1.29 0.0 23.33 16895
2460157.081163 0.99495 0.00161 1.7437 0.82 -0.34 22.93 18840
2460157.081321 0.99975 0.00161 1.7415 0.97 0.49 23.72 18116
2460157.081479 0.99343 0.0016 1.7392 -0.26 -0.03 22.86 18464
2460157.081631 1.00045 0.0016 1.737 1.59 1.67 23.16 18560
2460157.081796 0.99717 0.00159 1.7347 -2.51 -0.74 23.2 19092
2460157.081954 0.99662 0.00159 1.7325 1.05 -0.36 22.03 21415
2460157.082104 0.9977 0.00158 1.7303 0.98 0.97 22.48 22150
2460157.08227 0.99674 0.00158 1.728 0.4 0.43 22.91 20834
2460157.08242 1.0001 0.00158 1.7259 -0.17 0.05 22.86 18732
2460157.082578 0.99845 0.00157 1.7236 -1.54 0.15 23.46 20068
2460157.082737 0.99736 0.00157 1.7214 -0.99 0.38 22.79 20271
2460157.082895 0.99622 0.00156 1.7192 -0.91 0.68 22.85 21807
2460157.083053 0.99637 0.00156 1.7171 -0.3 -0.59 22.19 22441
2460157.083204 1.00054 0.00156 1.7149 1.33 0.19 22.74 21174
2460157.083362 0.99529 0.00155 1.7128 -0.15 0.26 22.16 23851
2460157.083519 0.99933 0.00155 1.7107 2.78 0.01 22.63 22961
2460157.08367 0.99699 0.00154 1.7085 0.36 0.45 21.88 25519
2460157.083828 0.997 0.00154 1.7064 1.05 0.56 23.55 19946
2460157.083986 0.99979 0.00154 1.7042 -0.14 0.47 22.74 22562
2460157.084144 0.99972 0.00154 1.7021 0.6 0.06 23.03 23208
2460157.084302 0.99587 0.00153 1.7 -0.27 0.07 22.81 22890
2460157.084453 1.00045 0.00153 1.6979 0.82 0.64 23.18 21473
2460157.084611 1.00005 0.00153 1.6958 0.47 1.57 22.26 23678
2460157.084769 0.99695 0.00152 1.6937 -0.76 -0.68 21.95 26015
2460157.084924 0.99804 0.00152 1.6916 0.0 -0.67 23.0 20888
2460157.085085 0.99953 0.00152 1.6895 -2.34 -0.73 22.52 22879
2460157.085239 1.00077 0.00152 1.6874 -0.67 0.75 22.58 19852
2460157.085392 0.99759 0.00151 1.6854 -0.45 -0.79 21.4 28261
2460157.085553 0.99716 0.00151 1.6833 1.35 0.53 22.53 26741
2460157.085707 0.99861 0.0015 1.6812 2.13 -0.07 22.17 25157
2460157.085868 0.9979 0.0015 1.6792 0.81 -0.86 23.11 22128
2460157.086022 0.99708 0.0015 1.6772 0.13 1.06 22.7 23681
2460157.086176 0.99909 0.0015 1.6751 -0.43 -0.12 22.6 22056
2460157.08633 0.99949 0.0015 1.6731 -0.01 -0.14 23.31 19483
2460157.086491 0.99812 0.00149 1.6711 0.35 -0.52 23.33 22202
2460157.086645 0.99791 0.00149 1.6691 0.11 -1.21 23.03 19381
2460157.086799 0.99811 0.00149 1.667 1.02 1.31 22.4 21325
2460157.08696 0.99852 0.00148 1.665 -1.19 0.97 22.39 21558
2460157.087114 0.99877 0.00148 1.663 -2.14 -0.71 23.88 20860
2460157.087268 1.00063 0.00148 1.661 -0.15 0.01 21.77 24542
2460157.087429 0.99673 0.00147 1.659 -0.07 -0.07 25.11 16282
2460157.087583 0.99716 0.00147 1.6571 -1.97 -0.9 22.9 21094
2460157.087758 1.00093 0.00147 1.6549 0.76 -0.36 23.07 19522
2460157.087912 0.99843 0.00147 1.6529 0.33 -0.59 22.68 22913
2460157.088066 1.00011 0.00147 1.651 2.2 1.21 21.82 24910
2460157.088227 0.99857 0.00146 1.649 0.34 -0.17 23.19 21008
2460157.088381 1.00201 0.00146 1.647 1.16 1.15 23.01 21939
2460157.088542 1.00117 0.00146 1.645 -1.78 0.34 22.64 22471
2460157.088696 1.00031 0.00146 1.6431 0.36 -0.86 22.49 21852
2460157.088857 0.99861 0.00145 1.6412 0.14 0.1 22.17 25212
2460157.089011 1.00025 0.00145 1.6393 0.39 0.64 21.73 23910
2460157.089165 1.00162 0.00145 1.6373 -0.34 0.39 23.22 22171
2460157.089326 1.00037 0.00145 1.6354 -0.1 -0.07 24.63 15968
2460157.089479 0.99838 0.00144 1.6335 -2.22 -0.55 22.37 23360
2460157.089633 0.99932 0.00144 1.6316 -0.22 0.06 22.91 21008
2460157.089794 0.99903 0.00144 1.6297 -2.0 -0.85 24.48 19437
2460157.089956 0.99992 0.00143 1.6277 1.64 -0.59 22.08 23991
2460157.090109 0.99831 0.00143 1.6258 0.25 0.6 22.22 28252
2460157.09027 1.00154 0.00143 1.6239 1.34 -1.97 22.59 25571
2460157.090424 1.00006 0.00143 1.6221 0.18 3.1 23.19 26412
2460157.090578 1.00117 0.00142 1.6202 0.58 -0.17 22.09 27607
2460157.090767 0.99952 0.00142 1.618 0.48 0.57 23.71 22374
2460157.090921 1.00115 0.00142 1.6161 1.34 0.19 23.15 24696
2460157.091082 1.00231 0.00142 1.6142 0.23 -0.32 23.13 23350
2460157.091236 0.99989 0.00141 1.6124 0.44 -0.56 22.62 21937
2460157.091397 0.9977 0.00141 1.6105 -0.81 1.29 22.69 22735
2460157.091558 0.99765 0.0014 1.6086 0.51 -0.22 22.37 25980
2460157.091712 0.99806 0.0014 1.6068 -2.01 0.42 21.8 24065
2460157.091873 1.00291 0.00141 1.6049 -0.98 -1.61 24.57 19268
2460157.092028 0.99938 0.0014 1.6031 -2.0 0.69 22.46 20938
2460157.092189 0.99844 0.0014 1.6013 0.44 -1.28 25.84 17205
2460157.092343 1.0 0.0014 1.5995 0.04 -0.05 25.23 16157
2460157.092504 1.00317 0.0014 1.5976 1.69 0.25 22.86 22974
2460157.092658 1.00076 0.00139 1.5958 -0.43 -0.11 23.22 22076
2460157.092819 0.99876 0.00138 1.594 -0.6 0.99 21.23 27302
2460157.092973 1.00082 0.00138 1.5922 -0.26 -0.8 22.91 21616
2460157.093134 1.00173 0.00139 1.5904 0.16 2.21 25.26 16739
2460157.093288 0.99879 0.00138 1.5886 -0.2 -1.67 22.68 23684
2460157.093449 1.00022 0.00138 1.5868 1.06 0.47 23.16 20975
2460157.093603 1.00009 0.00137 1.5851 -1.53 -0.84 23.93 19371
2460157.093764 0.99984 0.00137 1.5833 0.06 2.39 23.41 18950
2460157.093918 1.00298 0.00137 1.5815 -1.05 -0.7 22.87 21565
2460157.094072 1.0008 0.00137 1.5798 -1.85 -0.61 22.41 24308
2460157.094233 1.00056 0.00137 1.578 -1.25 -0.35 22.73 22920
2460157.094387 1.00015 0.00136 1.5763 0.24 -0.14 22.92 22076
2460157.094541 0.99955 0.00136 1.5745 -0.57 -0.46 22.76 22955
2460157.094701 1.00259 0.00136 1.5728 2.68 1.0 22.86 23288
2460157.094862 1.00206 0.00136 1.571 -0.23 -0.53 22.01 29470
2460157.095016 1.00265 0.00136 1.5693 -0.12 0.66 21.85 26181
2460157.095177 1.00148 0.00136 1.5676 -0.31 0.44 21.94 26300
2460157.095331 1.00052 0.00135 1.5659 0.81 0.36 23.14 24614
2460157.095485 1.00245 0.00135 1.5642 -0.04 0.12 22.94 22170
2460157.095639 1.00235 0.00135 1.5624 -0.0 0.3 22.93 21023
2460157.0958 1.00232 0.00135 1.5608 1.94 -0.14 24.83 16740
2460157.095954 0.99949 0.00135 1.5591 0.33 -1.27 24.51 15315
2460157.096108 1.00131 0.00134 1.5574 -1.86 1.83 22.7 22619
2460157.096269 0.99899 0.00134 1.5557 -1.09 -0.55 22.52 24506
2460157.096423 1.00241 0.00134 1.5541 -1.86 -1.59 22.92 20608
2460157.096577 1.00178 0.00134 1.5524 -0.49 0.23 24.04 19594
2460157.096738 1.00101 0.00133 1.5507 -0.35 0.76 22.72 21824
2460157.096892 1.00005 0.00133 1.5491 1.2 0.67 24.76 18155
2460157.097046 1.0032 0.00133 1.5474 1.47 -0.72 24.07 17909
2460157.097207 1.00181 0.00133 1.5457 1.29 0.66 23.65 19986
2460157.097515 1.00326 0.00133 1.5424 1.47 0.38 26.93 12462
2460157.097711 1.00233 0.00132 1.5404 0.02 -0.81 23.71 20774
2460157.097872 1.00182 0.00132 1.5388 -0.34 -0.75 23.39 18577
2460157.098026 1.00168 0.00131 1.5371 0.16 0.74 22.18 23180
2460157.098187 1.00085 0.00131 1.5354 0.11 1.51 24.22 18229
2460157.098341 1.00099 0.00131 1.5338 -0.56 -1.86 24.38 16693
2460157.098502 0.99942 0.00131 1.5322 -1.53 -1.27 24.05 16846
2460157.098656 1.00113 0.00131 1.5306 -1.6 1.56 23.6 19655
2460157.09881 1.00122 0.00131 1.529 -0.89 -1.37 24.27 16151
2460157.098971 1.00033 0.0013 1.5274 -1.56 0.48 23.48 17493
2460157.099125 1.00272 0.0013 1.5258 1.34 -1.09 25.49 15410
2460157.099278 1.00373 0.0013 1.5242 0.32 1.09 24.08 17639
2460157.099439 1.00299 0.0013 1.5226 0.45 -0.18 25.52 16410
2460157.099594 1.00131 0.00129 1.5211 -1.8 0.9 22.78 21605
2460157.099747 1.00275 0.00129 1.5195 -1.13 -0.45 23.09 24022
2460157.099908 1.00282 0.00129 1.5179 -0.46 0.79 24.2 19805
2460157.100062 1.00166 0.00129 1.5163 -1.02 0.16 23.09 19851
2460157.100258 1.00203 0.00129 1.5144 2.36 -1.05 23.32 19914
2460157.100412 1.00138 0.00128 1.5128 0.3 1.04 23.41 23776
2460157.100566 1.002 0.00128 1.5112 -2.52 -0.55 22.5 26083
2460157.100727 1.00218 0.00128 1.5097 -2.01 0.23 22.7 24543
2460157.101063 1.00357 0.00128 1.5063 -0.24 -1.06 23.71 20095
2460157.101224 1.00368 0.00128 1.5048 0.42 1.27 22.47 25847
2460157.101378 1.0015 0.00127 1.5033 -0.22 -0.12 22.86 25922
2460157.101532 1.0024 0.00127 1.5017 1.73 -0.17 22.14 21736
2460157.101686 1.00271 0.00127 1.5002 -1.99 1.19 23.38 22153
2460157.101847 1.00166 0.00127 1.4987 1.01 -0.51 22.66 25891
2460157.102001 1.00234 0.00127 1.4972 -0.26 0.36 22.76 22276
2460157.102155 1.00173 0.00126 1.4957 -0.61 -0.39 21.97 25025
2460157.102309 1.00334 0.00126 1.4942 0.12 0.3 22.3 26382
2460157.102469 1.00229 0.00126 1.4927 1.71 -0.25 23.5 18808
2460157.102623 1.00322 0.00126 1.4912 -0.38 0.01 23.01 20801
2460157.102777 1.00391 0.00126 1.4897 -0.76 1.53 24.07 19009
2460157.102938 1.00519 0.00126 1.4882 -2.73 0.56 21.18 29296
2460157.103097 1.00393 0.00125 1.4867 -0.47 -0.89 21.9 26391
2460157.103254 1.00124 0.00125 1.4852 -1.95 -0.22 21.65 28289
2460157.10341 1.00417 0.00125 1.4837 -0.41 0.63 21.57 28523
2460157.103565 1.00124 0.00125 1.4823 0.12 -0.12 22.72 22194
2460157.103721 1.00268 0.00125 1.4808 1.57 0.12 21.38 27344
2460157.103877 1.0011 0.00124 1.4794 0.15 0.51 21.96 26730
2460157.104033 1.00387 0.00124 1.4779 -0.37 0.08 21.94 25344
2460157.104188 1.00138 0.00124 1.4764 0.0 0.77 20.98 35958
2460157.104344 1.00298 0.00124 1.4749 0.27 0.31 21.0 35396
2460157.104507 1.00231 0.00123 1.4735 -0.25 0.15 20.85 33252
2460157.104663 1.00166 0.00123 1.472 0.81 0.2 20.67 33485
2460157.104819 1.00341 0.00123 1.4706 0.88 -0.04 21.19 35466
2460157.104975 1.00487 0.00123 1.4692 0.38 0.62 20.94 33392
2460157.105131 1.0047 0.00123 1.4677 -0.01 -0.25 21.15 32199
2460157.105286 1.00392 0.00123 1.4663 -0.47 -0.53 21.2 27639
2460157.105442 1.00016 0.00122 1.4649 -1.41 -0.67 22.33 28504
2460157.105598 1.00379 0.00122 1.4635 -1.09 -0.18 21.59 25747
2460157.105753 1.00287 0.00122 1.462 -0.58 0.08 20.99 30687
2460157.105909 1.00208 0.00122 1.4606 -1.01 -0.4 21.55 32081
2460157.106065 1.00035 0.00121 1.4592 1.51 -0.06 21.06 31897
2460157.106223 1.00349 0.00122 1.4578 -0.5 0.67 20.56 33249
2460157.106393 1.00378 0.00121 1.4563 -0.59 -0.15 21.3 33397
2460157.106549 1.00172 0.00121 1.4549 -0.86 -0.08 20.34 35744
2460157.106705 1.00323 0.00121 1.4535 -0.46 0.35 20.56 37111
2460157.106861 1.00185 0.00121 1.4521 -0.11 -0.28 21.15 31366
2460157.107017 1.00298 0.00121 1.4507 0.82 0.88 21.7 30884
2460157.107201 1.0034 0.00121 1.4491 -0.48 -0.06 20.24 38490
2460157.107356 1.0038 0.0012 1.4477 -0.66 -0.23 20.97 27950
2460157.107512 1.00163 0.0012 1.4463 -1.07 0.04 21.66 27687
2460157.107668 1.004 0.0012 1.4449 -2.52 -1.15 20.87 34957
2460157.107824 1.00362 0.0012 1.4436 -0.57 0.83 21.37 28179
2460157.10798 1.00289 0.0012 1.4423 -0.93 -0.4 21.55 29631
2460157.108136 1.00363 0.0012 1.4409 2.16 0.02 20.29 36917
2460157.108298 1.00525 0.0012 1.4395 0.22 -0.55 20.32 36455
2460157.108454 1.00268 0.00119 1.4382 0.79 0.35 20.26 38439
2460157.10861 1.00209 0.00119 1.4368 -0.47 0.71 20.74 33089
2460157.108765 1.00087 0.00119 1.4355 0.64 -0.09 21.0 31402
2460157.108914 1.0031 0.00119 1.4341 -0.1 -0.1 20.75 35186
2460157.109077 1.00102 0.00119 1.4328 -0.34 0.07 20.31 34683
2460157.109229 1.00175 0.00119 1.4314 0.59 0.51 20.56 33582
2460157.109391 1.00309 0.00119 1.4301 0.82 0.05 20.28 36106
2460157.109547 1.00425 0.00119 1.4288 -1.0 0.09 20.55 31579
2460157.109703 1.00621 0.00119 1.4275 -1.53 -0.14 20.5 36386
2460157.109859 1.00369 0.00119 1.4261 -1.72 -0.88 20.19 35577
2460157.110014 1.00366 0.00119 1.4248 -1.09 -0.29 21.23 28966
2460157.11017 1.00321 0.00119 1.4235 0.39 0.93 20.94 29025
2460157.110326 1.00528 0.00119 1.4222 0.19 -0.05 20.88 30162
2460157.110482 1.004 0.00119 1.4209 1.29 -0.33 20.62 28309
2460157.110637 1.00409 0.00119 1.4196 1.12 0.61 20.58 27088
2460157.110793 1.00277 0.00119 1.4183 -0.42 -0.37 21.0 29990
2460157.110948 1.00263 0.00119 1.417 -0.12 0.17 20.58 26540
2460157.111111 1.0032 0.00119 1.4157 -0.76 0.69 20.62 31328
2460157.111266 1.00419 0.00119 1.4144 0.09 -0.11 20.28 31063
2460157.111422 1.00432 0.00119 1.4131 0.47 -0.18 20.68 29337
2460157.111585 1.0039 0.00118 1.4118 0.58 0.56 20.42 30928
2460157.111748 1.00474 0.00118 1.4105 -1.27 0.43 20.17 33700
2460157.111903 1.00397 0.00118 1.4092 -0.85 0.23 19.78 32916
2460157.112059 1.00334 0.00118 1.4079 -1.97 -0.56 20.41 32009
2460157.112215 1.00158 0.00117 1.4067 -1.59 -0.14 20.56 28329
2460157.11237 1.00277 0.00117 1.4054 -0.21 -1.09 21.17 28522
2460157.112521 1.00153 0.00117 1.4042 -0.26 0.67 20.11 35343
2460157.112679 1.00384 0.00117 1.4029 -0.01 -1.25 21.23 29777
2460157.112837 1.00361 0.00116 1.4016 1.15 -0.53 20.89 28397
2460157.112995 1.00421 0.00116 1.4004 -0.52 1.01 20.86 31304
2460157.113146 1.00386 0.00116 1.3991 1.65 -0.32 20.88 33152
2460157.113305 1.00395 0.00116 1.3979 -1.27 -0.12 20.4 32007
2460157.113463 1.00274 0.00116 1.3966 0.27 0.1 21.44 26663
2460157.113621 1.0036 0.00115 1.3954 -0.07 0.22 21.24 28565
2460157.113779 1.00413 0.00115 1.3942 0.92 0.52 20.12 32506
2460157.114087 1.00369 0.00115 1.3917 -0.34 -0.34 20.3 30622
2460157.114246 1.00363 0.00115 1.3905 -1.49 0.27 20.71 31070
2460157.114405 1.00095 0.00114 1.3893 -1.73 -0.37 20.87 29622
2460157.114563 1.00609 0.00115 1.388 -0.36 -0.6 20.88 30449
2460157.114721 1.00387 0.00114 1.3868 0.82 0.01 21.01 31344
2460157.114872 1.00378 0.00114 1.3856 0.81 -0.05 19.95 38727
2460157.11503 1.00579 0.00114 1.3844 1.59 -1.02 19.93 33644
2460157.115188 1.00344 0.00114 1.3832 0.35 1.2 20.62 30700
2460157.115346 1.00657 0.00114 1.382 -1.05 -0.73 20.69 35293
2460157.115497 1.00388 0.00113 1.3808 -0.37 -0.02 20.68 34737
2460157.115654 1.00503 0.00113 1.3796 -0.01 0.59 20.61 32002
2460157.115815 1.00359 0.00113 1.3784 0.18 -0.54 21.03 28767
2460157.115995 1.00498 0.00113 1.377 0.33 0.72 21.23 28621
2460157.116153 1.00652 0.00113 1.3758 -1.0 0.64 20.68 33587
2460157.116311 1.00515 0.00113 1.3746 -0.47 0.04 20.38 34070
2460157.116469 1.00526 0.00113 1.3734 -1.84 -0.36 20.79 33478
2460157.11662 1.00363 0.00112 1.3722 -1.56 -0.3 20.6 31424
2460157.116778 1.00252 0.00112 1.3711 -0.61 0.06 20.05 36150
2460157.116936 1.00447 0.00112 1.3699 -0.64 -0.97 20.65 32424
2460157.117094 1.00328 0.00112 1.3688 1.07 -0.03 20.78 35024
2460157.117252 1.00226 0.00112 1.3676 2.34 -0.36 20.72 31961
2460157.11741 1.00396 0.00112 1.3664 0.9 0.39 21.19 29302
2460157.117561 1.00493 0.00112 1.3653 -0.9 0.07 20.61 32778
2460157.117719 1.00386 0.00111 1.3641 -1.14 0.14 20.73 30780
2460157.117877 1.00554 0.00112 1.363 1.17 0.2 20.22 33996
2460157.118028 1.00675 0.00112 1.3618 0.18 -0.04 20.7 28893
2460157.118186 1.00489 0.00111 1.3607 -0.87 0.9 21.3 24305
2460157.118344 1.00533 0.00111 1.3595 -2.58 0.66 21.33 26549
2460157.118502 1.00272 0.00111 1.3584 -0.94 0.14 22.46 21614
2460157.118653 1.00486 0.00111 1.3573 -0.71 0.06 21.19 27223
2460157.118814 1.0043 0.00111 1.3561 -1.79 -1.4 21.86 23483
2460157.118972 1.00547 0.00111 1.355 -2.41 0.59 20.66 29596
2460157.119122 1.00668 0.00111 1.3538 -0.34 -0.18 21.92 23398
2460157.11928 1.00528 0.00111 1.3527 1.25 -0.29 21.27 24001
2460157.119437 1.00648 0.0011 1.3516 0.64 -0.77 21.45 26356
2460157.119595 1.00403 0.0011 1.3505 2.69 0.64 21.44 25701
2460157.119753 1.00407 0.0011 1.3494 0.75 -0.13 22.08 21884
2460157.119911 1.00467 0.0011 1.3483 -0.32 0.34 22.36 21105
2460157.120062 1.00577 0.00111 1.3472 -0.84 0.46 21.96 22845
2460157.12022 1.00713 0.00112 1.346 -0.25 0.02 21.57 25227
2460157.120378 1.00618 0.00112 1.3449 -1.24 0.61 20.1 33720
2460157.120536 1.00619 0.00112 1.3438 -0.22 -0.59 21.35 22864
2460157.120686 1.00459 0.00114 1.3428 -0.93 -0.63 21.2 22808
2460157.120844 1.0056 0.00115 1.3416 -1.45 0.59 20.42 20882
2460157.121002 1.00369 0.00117 1.3405 -1.94 -0.17 21.04 20082
2460157.12116 1.00302 0.00118 1.3395 -2.75 -0.7 20.77 18122
2460157.121311 1.00237 0.0012 1.3384 0.09 -0.06 19.93 20533
2460157.121469 1.00447 0.00123 1.3373 0.94 -0.37 21.59 13854
2460157.121627 1.00622 0.00125 1.3362 0.49 0.14 20.26 17257
2460157.121785 1.0014 0.00122 1.3351 1.66 -0.21 20.64 15747
2460157.121943 1.0063 0.00123 1.334 1.07 0.26 21.06 13756
2460157.122101 1.00867 0.00126 1.333 -0.23 0.09 21.13 13188
2460157.122252 1.00681 0.00123 1.3319 -0.48 -0.12 20.97 14954
2460157.122409 1.00346 0.00124 1.3308 -0.97 0.29 20.39 16983
2460157.122567 1.00801 0.00122 1.3298 -0.63 0.49 20.99 15809
2460157.122725 1.00559 0.00121 1.3287 0.29 0.23 20.87 15327
2460157.122883 1.00477 0.00122 1.3276 -0.55 0.82 20.66 16329
2460157.123041 0.99734 0.00122 1.3266 -2.52 -0.22 20.37 16831
2460157.123192 1.00172 0.00122 1.3255 -2.27 -0.33 20.93 16172
2460157.123357 1.00382 0.00128 1.3245 -2.74 -0.27 21.68 10898
2460157.123507 1.00296 0.00133 1.3234 -0.76 -0.36 20.98 10668
2460157.123672 0.99954 0.00138 1.3223 -0.69 0.81 22.19 8662
2460157.123823 1.0 0.00149 1.3213 0.97 -0.84 21.6 7347
2460157.123988 1.00619 0.00146 1.3202 2.29 0.18 22.05 7098
2460157.124139 1.00442 0.00129 1.3192 1.76 -0.7 22.28 9225
2460157.124296 0.99977 0.00132 1.3182 -0.64 0.81 20.43 11819
2460157.124454 1.00123 0.00124 1.3171 0.2 0.23 21.87 11587
2460157.124613 1.00551 0.00118 1.3161 -0.67 -0.14 21.15 16012
2460157.124763 1.00915 0.00128 1.3151 0.4 -0.81 21.42 11077
2460157.124921 1.00341 0.00125 1.314 -0.53 1.08 21.33 12872
2460157.125079 0.99864 0.00128 1.313 -1.15 1.32 22.81 9621
2460157.125237 1.00109 0.00122 1.312 -1.64 -0.26 21.99 11941
2460157.125402 1.00057 0.00117 1.311 -0.97 -0.02 20.42 18263
2460157.125554 1.00262 0.00116 1.3099 -1.22 -0.76 24.38 11103
2460157.125712 1.00227 0.0012 1.3089 -1.64 0.49 20.99 17244
2460157.125869 1.00503 0.00121 1.3079 0.22 -0.16 20.16 17295
2460157.126021 1.00637 0.00116 1.3069 0.13 -0.33 22.13 13589
2460157.126179 1.00359 0.00119 1.3059 1.15 0.47 20.96 14607
2460157.126337 1.00698 0.00124 1.3049 2.72 -0.75 22.05 10674
2460157.126495 1.00495 0.00118 1.3039 -0.46 0.2 21.19 15188
2460157.126652 1.00507 0.00116 1.3029 0.33 0.43 22.55 12538
2460157.12681 1.00366 0.00115 1.302 -0.81 0.63 20.76 17054
2460157.126961 1.00211 0.0011 1.301 0.2 -0.63 21.01 20365
2460157.127118 1.00416 0.00109 1.3 0.39 -0.67 20.83 24021
2460157.127276 1.00519 0.00108 1.299 0.5 0.85 20.04 25811
