2.458990568092587870e+06 9.968958758417794108e-01 1.297666807658970356e-03
2.458990569481475279e+06 9.975965292690094355e-01 1.297796610742807388e-03
2.458990570870362688e+06 9.956644772928481268e-01 1.298027695156633854e-03
2.458990572259250097e+06 9.961651677373218883e-01 1.297550159506499767e-03
2.458990573648137506e+06 9.961502909732433686e-01 1.297317910939455032e-03
2.458990575037025381e+06 9.986916879784845102e-01 1.299382885918021202e-03
2.458990576425912324e+06 9.969797157429832746e-01 1.300881151109933853e-03
2.458990577814799733e+06 9.982064163664160494e-01 1.302986405789852142e-03
2.458990579203687143e+06 1.000532190637239305e+00 1.299752620980143547e-03
2.458990580592575017e+06 9.978284742830438869e-01 1.299538533203303814e-03
2.458990581981462426e+06 9.975833389397251727e-01 1.297246897593140602e-03
2.458990583370349836e+06 9.985657474372364728e-01 1.298415358178317547e-03
2.458990584759236779e+06 9.976069490268457685e-01 1.301592914387583733e-03
2.458990586148124654e+06 9.972565921983237436e-01 1.301137031987309456e-03
2.458990587537012063e+06 9.977021723629113659e-01 1.302239019423723221e-03
2.458990588925899472e+06 9.970380784328298773e-01 1.297667738981544971e-03
2.458990590314786881e+06 1.000409141127067247e+00 1.299751456826925278e-03
2.458990591703673825e+06 9.970078430661600821e-01 1.302923425100743771e-03
2.458990593092561699e+06 9.987059624444222239e-01 1.300479751080274582e-03
2.458990594481449109e+06 9.968957553821512496e-01 1.300813280977308750e-03
2.458990595870336518e+06 9.990724608631185166e-01 1.299248542636632919e-03
2.458990597259223927e+06 9.996969235755333028e-01 1.300988486036658287e-03
2.458990598648111336e+06 9.982921233918564674e-01 1.299980445764958858e-03
2.458990600036998745e+06 9.979969370730346068e-01 1.302276970818638802e-03
2.458990601425886154e+06 9.990956493415406037e-01 1.300693023949861526e-03
2.458990602814773563e+06 9.981176978502714903e-01 1.303864293731749058e-03
2.458990604203660972e+06 9.974616747152771357e-01 1.302380929701030254e-03
2.458990606981435791e+06 9.985837561516472949e-01 1.300062169320881367e-03
2.458990608370323200e+06 9.950369428599151744e-01 1.300686621107161045e-03
2.458990609759210609e+06 9.974180081000667553e-01 1.301731448620557785e-03
2.458990611148098018e+06 9.985097939399532052e-01 1.299919676966965199e-03
2.458990612536985427e+06 9.971863642351027623e-01 1.299857161939144135e-03
2.458990613925872836e+06 9.972961631861764209e-01 1.303417258895933628e-03
2.458990615314760245e+06 9.977312031332994380e-01 1.300456933677196503e-03
2.458990616703647655e+06 9.986510930837924072e-01 1.302647870033979416e-03
2.458990618092535064e+06 9.993331354984706927e-01 1.303242403082549572e-03
2.458990619481422473e+06 9.990172903534183524e-01 1.300157397054135799e-03
2.458990620870309882e+06 9.964977567706894135e-01 1.301329117268323898e-03
2.458990622259197291e+06 9.979376107061626033e-01 1.301549258641898632e-03
2.458990623648084700e+06 9.982499022921841325e-01 1.300255185924470425e-03
2.458990625036972109e+06 9.978949077679776236e-01 1.301128184422850609e-03
2.458990626425859518e+06 9.971056562842312010e-01 1.304431236349046230e-03
2.458990627814746927e+06 9.973763290687212013e-01 1.300666364841163158e-03
2.458990629203634337e+06 9.964576437145099552e-01 1.301965909078717232e-03
2.458990630592521280e+06 9.990069308253960445e-01 1.306390389800071716e-03
2.458990631981408689e+06 9.997077649420682555e-01 1.302055199630558491e-03
2.458990633370296098e+06 9.972379209559579794e-01 1.302163815125823021e-03
2.458990634759183973e+06 9.978176931463229593e-01 1.300098723731935024e-03
2.458990636148071382e+06 9.973085705278775803e-01 1.300297793932259083e-03
2.458990637536958791e+06 9.983948152248682817e-01 1.301423180848360062e-03
2.458990638925845735e+06 9.992162896591492149e-01 1.301619573496282101e-03
2.458990640314733144e+06 9.979771816940152807e-01 1.303277909755706787e-03
2.458990641703620553e+06 9.974342099200551592e-01 1.302115386351943016e-03
2.458990643092507962e+06 9.976680822881403010e-01 1.303193508647382259e-03
2.458990644481395371e+06 9.974489662245055177e-01 1.300940057262778282e-03
2.458990645870282315e+06 9.996654836125817845e-01 1.302354619838297367e-03
2.458990647259169724e+06 9.998493050051637798e-01 1.300861942581832409e-03
2.458990648648057599e+06 9.990100627757283469e-01 1.302997698076069355e-03
2.458990650036945008e+06 9.985961634933484543e-01 1.301498850807547569e-03
2.458990651425832417e+06 9.990364434342967614e-01 1.301354495808482170e-03
2.458990652814719826e+06 9.986338071271505523e-01 1.306943944655358791e-03
2.458990654203606769e+06 9.992146032243549580e-01 1.305284909904003143e-03
2.458990655592494179e+06 9.994140843685984654e-01 1.304537174291908741e-03
2.458990656981381588e+06 9.985265980580824152e-01 1.301836571656167507e-03
2.458990658370268997e+06 9.984694399645174245e-01 1.301368465647101402e-03
2.458990659759156406e+06 9.974854052620258926e-01 1.301350421272218227e-03
2.458990661148043349e+06 9.978852107679102579e-01 1.303113647736608982e-03
2.458990662536930759e+06 9.978317869228184867e-01 1.301949028857052326e-03
2.458990663925818168e+06 9.993036228895698647e-01 1.301449723541736603e-03
2.458990665314705577e+06 9.976863319218074455e-01 1.304617384448647499e-03
2.458990666703592986e+06 9.984399273556165966e-01 1.304197590798139572e-03
2.458990668092480395e+06 9.994731095864000103e-01 1.305690151639282703e-03
2.458990669481367338e+06 9.988308188490166994e-01 1.303751836530864239e-03
2.458990670870255213e+06 9.996274183700812888e-01 1.301696174778044224e-03
2.458990672259142622e+06 9.987710106436320512e-01 1.304025761783123016e-03
2.458990673648030031e+06 1.000984576770818313e+00 1.302738441154360771e-03
2.458990675036917441e+06 9.981779276643546472e-01 1.304533216170966625e-03
2.458990676425804384e+06 9.993610821322053139e-01 1.302637392655014992e-03
2.458990677814691793e+06 9.990225303472435314e-01 1.303822384215891361e-03
2.458990679203579202e+06 9.984058372808455317e-01 1.302819699048995972e-03
2.458990680592466611e+06 9.989011672718658419e-01 1.303078606724739075e-03
2.458990681981354021e+06 1.000253989125988952e+00 1.305765239521861076e-03
2.458990683370241430e+06 9.992123747212338092e-01 1.302628312259912491e-03
2.458990684759128373e+06 9.987371614881173087e-01 1.307083410210907459e-03
2.458990686148015782e+06 1.000000000000000000e+00 1.303287339396774769e-03
2.458990687536903191e+06 9.993942085299510891e-01 1.306204590946435928e-03
2.458990688925790600e+06 9.997522145448616282e-01 1.303452299907803535e-03
2.458990690314678010e+06 9.995899554257214881e-01 1.304975594393908978e-03
2.458990691703565419e+06 9.979015932773408482e-01 1.306761521846055984e-03
2.458990693092452362e+06 9.988562358305598243e-01 1.303446711972355843e-03
2.458990694481339771e+06 9.997667901598698004e-01 1.303076627664268017e-03
2.458990695870227180e+06 9.989307401105806949e-01 1.304320641793310642e-03
2.458990697259114590e+06 9.998464742039019360e-01 1.304723322391510010e-03
2.458990698648001999e+06 9.994943104809573819e-01 1.302738208323717117e-03
2.458990700036888942e+06 9.988393714826164782e-01 1.303842524066567421e-03
2.458990701425775886e+06 9.992955520944827308e-01 1.303909462876617908e-03
2.458990702814663295e+06 9.980054294768203604e-01 1.303216558881103992e-03
2.458990704203550704e+06 1.001520080047832106e+00 1.304334029555320740e-03
2.458990705592438113e+06 9.993492770886449605e-01 1.305173151195049286e-03
2.458990706981325522e+06 9.993790908466161360e-01 1.307465136051177979e-03
2.458990708370212466e+06 1.000511712500451011e+00 1.303169992752373219e-03
2.458990709759099875e+06 1.001823578080997423e+00 1.304330420680344105e-03
2.458990711147987284e+06 9.996235034321658830e-01 1.302889082580804825e-03
2.458990712536874693e+06 9.986831353448846205e-01 1.304817618802189827e-03
2.458990713925762102e+06 1.001061490243402519e+00 1.304588164202868938e-03
2.458990715314649045e+06 9.995206309097116604e-01 1.303570112213492393e-03
2.458990716703536455e+06 9.983689164048125120e-01 1.302875345572829247e-03
2.458990718092423864e+06 9.988158818551240437e-01 1.305742538534104824e-03
2.458990719481311273e+06 9.982217749690072139e-01 1.304987934418022633e-03
2.458990720870198682e+06 9.990998654285263569e-01 1.304142177104949951e-03
2.458990722259086091e+06 9.995603825870066350e-01 1.305577461607754230e-03
2.458990723647972569e+06 9.995897747362791907e-01 1.305934507399797440e-03
2.458990725036859978e+06 9.982094278571201906e-01 1.304276403971016407e-03
2.458990726425747387e+06 1.000288018970945991e+00 1.304032746702432632e-03
2.458990727814634796e+06 1.000788709415419753e+00 1.304686535149812698e-03
2.458990729203522205e+06 9.993811988901091237e-01 1.304266741499304771e-03
2.458990730592409149e+06 9.991753936153867643e-01 1.304527278989553452e-03
2.458990731981296558e+06 1.000155573609776916e+00 1.302273245528340340e-03
2.458990733370183967e+06 1.000030958124438873e+00 1.303217373788356781e-03
2.458990734759071376e+06 9.996999350662374439e-01 1.304190605878829956e-03
2.458990736147958785e+06 9.986226043817310050e-01 1.305742538534104824e-03
2.458990737536845729e+06 9.984236050760001424e-01 1.307125319726765156e-03
2.458990738925732672e+06 9.992714601688494902e-01 1.304261386394500732e-03
2.458990740314620081e+06 9.997289056068114910e-01 1.304277800954878330e-03
2.458990741703507490e+06 1.001066549547785511e+00 1.307341037318110466e-03
2.458990743092394900e+06 9.983317546095231698e-01 1.303452532738447189e-03
2.458990744481282309e+06 9.986133892201762841e-01 1.302979420870542526e-03
2.458990745870169252e+06 9.986469372266206790e-01 1.305249519646167755e-03
2.458990747259056661e+06 9.982238227826860655e-01 1.303923549130558968e-03
2.458990748647943605e+06 9.994513666235159688e-01 1.304187928326427937e-03
2.458990750036831014e+06 9.976565181638362700e-01 1.302797580137848854e-03
2.458990751425718423e+06 9.983857205229417220e-01 1.302790595218539238e-03
2.458990752814605832e+06 9.975953849025418485e-01 1.303420751355588436e-03
2.458990754203492776e+06 9.984766675422074300e-01 1.307023689150810242e-03
2.458990755592380185e+06 9.978502774757419536e-01 1.304784673266112804e-03
2.458990756981267128e+06 9.976266441760510695e-01 1.303551951423287392e-03
2.458990758370154537e+06 9.988279880477547445e-01 1.302781747654080391e-03
2.458990759759041946e+06 9.988326859732532537e-01 1.308144535869359970e-03
2.458990761147929356e+06 9.980442174770899344e-01 1.303786761127412319e-03
2.458990762536816299e+06 9.981092054464857366e-01 1.306677819229662418e-03
2.458990763925703708e+06 9.988719558120354725e-01 1.306355698034167290e-03
2.458990765314590652e+06 9.961614334888486688e-01 1.303487340919673443e-03
2.458990766703478061e+06 9.977037985678915977e-01 1.302931574173271656e-03
2.458990768092365470e+06 9.986878935001972657e-01 1.306513906456530094e-03
2.458990769481252413e+06 9.992975396783474462e-01 1.303569762967526913e-03
2.458990770870139822e+06 9.986045956673201829e-01 1.303864992223680019e-03
2.458990772259026766e+06 9.982042480931090367e-01 1.303627621382474899e-03
2.458990773647914175e+06 9.983149504913939598e-01 1.303558587096631527e-03
2.458990775036801584e+06 9.973548270250934822e-01 1.302959048189222813e-03
2.458990776425688993e+06 9.983341035722724799e-01 1.302809105254709721e-03
2.458990777814575937e+06 9.987490267614916872e-01 1.303574768826365471e-03
2.458990779203462880e+06 9.999739204905019330e-01 1.302833901718258858e-03
2.458990780592350289e+06 1.000020417906974268e+00 1.303586061112582684e-03
2.458990781981237698e+06 9.986460337794094144e-01 1.302108750678598881e-03
2.458990783370125107e+06 9.987734198361953863e-01 1.302742050029337406e-03
2.458990784759012051e+06 9.977999253511684596e-01 1.301888143643736839e-03
2.458990786147898994e+06 9.982490590747868930e-01 1.307145343162119389e-03
2.458990787536786404e+06 9.994363693998092879e-01 1.302666263654828072e-03
2.458990788925673813e+06 9.985397883873665670e-01 1.301388372667133808e-03
2.458990790314561222e+06 1.000657890259230909e+00 1.301622600294649601e-03
2.458990791703448165e+06 9.976490496668899421e-01 1.302937045693397522e-03
2.458990793092335109e+06 9.979737485946126307e-01 1.303143799304962158e-03
2.458990794481222518e+06 9.992915769267532999e-01 1.301531214267015457e-03
2.458990795870109927e+06 9.973388661243614006e-01 1.303358003497123718e-03
2.458990797258996870e+06 1.000624342252786514e+00 1.304883509874343872e-03
2.458990798647884279e+06 9.982626710127697756e-01 1.303272554650902748e-03
2.458990800036771223e+06 9.993337377966114987e-01 1.303222728893160820e-03
2.458990801425658632e+06 9.995869439350173469e-01 1.304752542637288570e-03
2.458990802814545576e+06 9.995660441895304338e-01 1.302039949223399162e-03
2.458990804203432985e+06 9.979610401038410128e-01 1.302820048294961452e-03
2.458990805592320394e+06 9.999309164032466057e-01 1.303284312598407269e-03
2.458990806981207337e+06 1.000613139507367189e+00 1.301809563301503658e-03
2.458990808370094281e+06 9.999948804658029822e-01 1.307049882598221302e-03
2.458990809758981690e+06 9.995406874378014450e-01 1.302200602367520332e-03
2.458990811147869099e+06 9.996357903142387702e-01 1.305604469962418079e-03
2.458990812536756042e+06 9.994421514619612479e-01 1.304070465266704559e-03
2.458990813925643452e+06 9.990622217947243699e-01 1.300843199715018272e-03
2.458990815314530395e+06 9.999376019126098303e-01 1.302629709243774414e-03
2.458990816703417338e+06 9.991711172985868750e-01 1.300900941714644432e-03
2.458990818092304748e+06 9.988667760480243185e-01 1.303961966186761856e-03
2.458990819481192157e+06 9.986212793258212317e-01 1.302465680055320263e-03
2.458990820870079100e+06 9.994889500275039307e-01 1.301038544625043869e-03
2.458990822258966509e+06 1.000726973855984303e+00 1.304049277678132057e-03
2.458990823647853453e+06 9.975391302561881224e-01 1.301377313211560249e-03
2.458990825036740862e+06 9.991054065714219945e-01 1.303093973547220230e-03
2.458990826425627805e+06 9.990813748756028900e-01 1.305851619690656662e-03
2.458990827814515214e+06 9.988826767189423750e-01 1.301366020925343037e-03
2.458990829203402624e+06 1.000001505745352182e+00 1.301680458709597588e-03
2.458990830592289567e+06 9.996239852706785278e-01 1.305509707890450954e-03
2.458990831981176510e+06 9.986938562517914120e-01 1.301234471611678600e-03
2.458990833370063920e+06 9.986495873384403366e-01 1.304032630287110806e-03
2.458990834758950863e+06 1.001001742267831895e+00 1.302948920056223869e-03
2.458990836147838272e+06 9.988053416376594384e-01 1.301334705203771591e-03
2.458990837536725681e+06 9.996942734637136452e-01 1.301454845815896988e-03
2.458990838925612159e+06 1.000208816765426389e+00 1.301591051742434502e-03
2.458990840314499568e+06 9.991358828573481121e-01 1.303801895119249821e-03
2.458990841703386512e+06 1.001258200816198318e+00 1.306035206653177738e-03
2.458990843092273921e+06 1.000330902598573157e+00 1.306934282183647156e-03
2.458990844481161330e+06 9.998976093160585332e-01 1.301780575886368752e-03
2.458990845870048273e+06 9.986834967237691041e-01 1.303699100390076637e-03
2.458990847258935217e+06 1.000088537826702373e+00 1.300689065828919411e-03
2.458990848647822626e+06 1.001204776971106547e+00 1.303444150835275650e-03
2.458990850036709569e+06 1.000652409346149296e+00 1.301393262110650539e-03
2.458990851425596979e+06 1.000958135882435762e+00 1.301275682635605335e-03
2.458990852814483922e+06 1.001300482145684789e+00 1.303393975831568241e-03
2.458990854203370865e+06 1.001996196728159871e+00 1.300427480600774288e-03
2.458990855592258275e+06 1.001968611473309734e+00 1.305720070376992226e-03
2.458990856981145218e+06 1.001011318808271211e+00 1.302310731261968613e-03
2.458990858370032627e+06 1.000803706639126434e+00 1.302105258218944073e-03
2.458990859758920036e+06 1.001457441041185614e+00 1.301223179325461388e-03
2.458990861147806980e+06 1.001083715044799316e+00 1.301792915910482407e-03
2.458990862536693923e+06 9.997228826254030976e-01 1.301882672123610973e-03
2.458990863925580867e+06 1.000090043572054332e+00 1.302245073020458221e-03
2.458990865314468276e+06 1.000981505050299925e+00 1.300888019613921642e-03
2.458990866703355219e+06 1.000961448522210251e+00 1.303314114920794964e-03
2.458990868092242628e+06 1.002003123156779418e+00 1.302306656725704670e-03
2.458990869481129572e+06 1.000215923883488234e+00 1.302412245422601700e-03
2.458990870870016515e+06 1.000609104109823511e+00 1.300387200899422169e-03
2.458990872258903924e+06 1.000899231124262379e+00 1.301467069424688816e-03
2.458990873647790868e+06 1.002611745428090284e+00 1.303879427723586559e-03
2.458990875036678277e+06 1.001130694299784185e+00 1.300732023082673550e-03
2.458990876425565220e+06 1.002149602064629885e+00 1.301902695558965206e-03
2.458990877814452164e+06 1.000985419988215330e+00 1.303338911384344101e-03
2.458990879203339573e+06 1.001446057606323770e+00 1.302610966376960278e-03
2.458990880592226516e+06 1.002318968301831870e+00 1.305800746195018291e-03
2.458990881981113926e+06 1.001252960822373028e+00 1.304762088693678379e-03
2.458990883370000869e+06 1.002046368163291179e+00 1.300959032960236073e-03
2.458990884758887812e+06 1.000734803731815115e+00 1.300402684137225151e-03
2.458990886147774756e+06 1.003004504045726941e+00 1.302805030718445778e-03
2.458990887536662165e+06 1.002778702472729044e+00 1.302690478041768074e-03
2.458990888925549109e+06 1.002769607770802374e+00 1.301378360949456692e-03
2.458990890314436518e+06 1.004314924110735419e+00 1.301505020819604397e-03
2.458990891703323461e+06 1.003590479906942612e+00 1.301950309425592422e-03
2.458990893092210405e+06 1.002911991051295137e+00 1.301077543757855892e-03
2.458990894481097348e+06 1.003349500420795515e+00 1.301826676353812218e-03
2.458990895869984757e+06 1.004085267829636141e+00 1.302766264416277409e-03
2.458990897258871701e+06 1.002134183232224585e+00 1.302910037338733673e-03
2.458990898647759110e+06 1.003579518080779387e+00 1.300385687500238419e-03
2.458990900036646519e+06 1.002517847147934571e+00 1.302194665186107159e-03
2.458990901425532997e+06 1.002344987581515801e+00 1.305394223891198635e-03
2.458990902814420406e+06 1.003604814602694351e+00 1.302852178923785686e-03
2.458990904203307349e+06 1.005883489158904576e+00 1.302417484112083912e-03
2.458990905592194758e+06 1.003614933211460336e+00 1.302273129113018513e-03
2.458990906981081702e+06 1.004998833649650258e+00 1.302607706747949123e-03
2.458990908369968180e+06 1.002205856710983500e+00 1.301901764236390591e-03
2.458990909758855589e+06 1.003191638078083425e+00 1.301380223594605923e-03
2.458990911147742532e+06 1.004627035007314539e+00 1.302296528592705727e-03
2.458990912536629941e+06 1.004877711493529002e+00 1.302114687860012054e-03
2.458990913925516885e+06 1.003451710415294906e+00 1.303077442571520805e-03
2.458990915314404294e+06 1.005155973234593381e+00 1.306145335547626019e-03
2.458990916703290772e+06 1.005783929276224953e+00 1.301285927183926105e-03
2.458990918092178181e+06 1.006029305538799878e+00 1.302234246395528316e-03
2.458990919481065124e+06 1.004262162793598590e+00 1.305046374909579754e-03
2.458990920869952533e+06 1.002794301994576642e+00 1.302041695453226566e-03
2.458990922258839477e+06 1.004435443968715980e+00 1.302383374422788620e-03
2.458990923647726420e+06 1.003443760079835823e+00 1.301577314734458923e-03
2.458990925036613364e+06 1.004765202200821550e+00 1.302662654779851437e-03
2.458990926425500773e+06 1.006234930124080051e+00 1.304987701587378979e-03
2.458990927814387716e+06 1.003651673398051170e+00 1.303254626691341400e-03
2.458990929203274660e+06 1.004523138578021113e+00 1.302354037761688232e-03
2.458990930592162069e+06 1.003984443120860881e+00 1.301879179663956165e-03
2.458990931981048547e+06 1.003899458853189319e+00 1.304545439779758453e-03
2.458990933369935956e+06 1.004136282482164688e+00 1.306375139392912388e-03
2.458990934758822899e+06 1.003100269450119209e+00 1.302937977015972137e-03
2.458990936147710308e+06 1.005220479365476427e+00 1.304125064052641392e-03
2.458990937536597252e+06 1.005073819768183885e+00 1.302842982113361359e-03
2.458990938925483730e+06 1.005805792698737156e+00 1.302194083109498024e-03
2.458990940314371139e+06 1.004660522783944909e+00 1.300625037401914597e-03
2.458990941703258082e+06 1.005105922259090123e+00 1.302047166973352432e-03
2.458990943092145491e+06 1.004970344947588856e+00 1.301573123782873154e-03
2.458990944481032435e+06 1.004581320578425530e+00 1.301535172387957573e-03
2.458990945869919378e+06 1.005548671622416013e+00 1.307074911892414093e-03
2.458990947258806322e+06 1.005820609233001539e+00 1.302838209085166454e-03
2.458990948647693265e+06 1.005199158011291116e+00 1.302086515352129936e-03
2.458990950036580674e+06 1.005175547924170409e+00 1.300305943004786968e-03
2.458990951425467618e+06 1.006589683729030238e+00 1.303307246416807175e-03
2.458990952814354561e+06 1.003947040406315105e+00 1.302087795920670033e-03
2.458990954203241505e+06 1.005955825165618434e+00 1.302115269936621189e-03
2.458990955592128448e+06 1.005095201352183443e+00 1.302819466218352318e-03
2.458990956981015857e+06 1.006217644167438197e+00 1.301074633374810219e-03
2.458990958369902801e+06 1.006010212687735494e+00 1.307341037318110466e-03
2.458990959758789744e+06 1.004238070867965238e+00 1.303594093769788742e-03
2.458990961147677153e+06 1.005545840821153947e+00 1.305193407461047173e-03
2.458990962536563631e+06 1.005473504814440089e+00 1.302591525018215179e-03
2.458990963925450575e+06 1.005440077267623966e+00 1.301074051298201084e-03
2.458990965314337984e+06 1.005165188396148102e+00 1.301315263845026493e-03
2.458990968092111871e+06 1.006972383967714935e+00 1.305830548517405987e-03
2.458990969480999280e+06 1.006313048192945869e+00 1.305230078287422657e-03
2.458990970869885758e+06 1.006260226645995015e+00 1.301366253755986691e-03
2.458990972258772701e+06 1.005749176673498946e+00 1.302653807215392590e-03
2.458990973647660110e+06 1.006373579156099707e+00 1.303408876992762089e-03
2.458990975036547054e+06 1.006053517924061502e+00 1.301132491789758205e-03
2.458990976425433997e+06 1.006962988116717916e+00 1.304255449213087559e-03
2.458990977814320941e+06 1.005760499878546543e+00 1.303415047004818916e-03
2.458990979203207884e+06 1.005157599439573612e+00 1.302917371504008770e-03
2.458990980592094827e+06 1.006551498026901470e+00 1.305773737840354443e-03
2.458990981980982237e+06 1.005151275309094983e+00 1.301672426052391529e-03
2.458990983369869180e+06 1.006019548308918488e+00 1.305474201217293739e-03
2.458990984758756123e+06 1.006879027755885891e+00 1.303177908994257450e-03
2.458990986147643067e+06 1.005200362607572728e+00 1.300285686738789082e-03
2.458990987536530010e+06 1.004604147677963022e+00 1.300533069297671318e-03
2.458990988925416954e+06 1.006454166647342996e+00 1.301804557442665100e-03
2.458990990314304363e+06 1.005165610004846721e+00 1.303434837609529495e-03
2.458990991703191306e+06 1.005186268831077312e+00 1.303574186749756336e-03
2.458990993092077784e+06 1.005872708022183648e+00 1.302778255194425583e-03
2.458990994480964728e+06 1.005029069016319943e+00 1.302233897149562836e-03
2.458990995869852137e+06 1.006135731620285023e+00 1.300256233662366867e-03
2.458990997258739080e+06 1.007771091532272401e+00 1.302633434534072876e-03
2.458990998647626024e+06 1.007029301142023492e+00 1.302448799833655357e-03
2.458991000036513433e+06 1.005389905832492659e+00 1.301399548538029194e-03
2.458991001425399911e+06 1.008946416124292256e+00 1.302449731156229973e-03
2.458991002814286854e+06 1.005476395845515958e+00 1.302607939578592777e-03
2.458991004203173798e+06 1.007109587484196433e+00 1.300879986956715584e-03
2.458991005592061207e+06 1.007423746194454406e+00 1.301183714531362057e-03
2.458991006980948150e+06 1.005856747121451455e+00 1.301733893342316151e-03
2.458991008369834628e+06 1.005178920793759145e+00 1.300650648772716522e-03
2.458991009758721571e+06 1.006567037318934821e+00 1.301886048167943954e-03
2.458991011147608981e+06 1.008342612238108060e+00 1.301608630456030369e-03
2.458991012536495924e+06 1.006371350652978558e+00 1.302688731811940670e-03
2.458991013925382867e+06 1.007816866190975658e+00 1.304249744862318039e-03
2.458991016703156754e+06 1.006384119373564090e+00 1.301712589338421822e-03
2.458991018092043698e+06 1.007885528179030432e+00 1.302023418247699738e-03
2.458991019480930641e+06 1.007719595041231209e+00 1.302018645219504833e-03
2.458991020869817585e+06 1.006898421756020623e+00 1.302681630477309227e-03
2.458991022258704994e+06 1.007372430392855511e+00 1.300918520428240299e-03
2.458991023647591472e+06 1.007172166261028901e+00 1.301357988268136978e-03
2.458991025036478415e+06 1.007305996907921886e+00 1.302171149291098118e-03
2.458991026425365359e+06 1.006705806810582526e+00 1.307986211031675339e-03
2.458991027814252302e+06 1.007688817606234633e+00 1.300166477449238300e-03
2.458991029203139711e+06 1.007402725989339443e+00 1.301375916227698326e-03
2.458991030592026655e+06 1.007467171890408464e+00 1.303698983974754810e-03
2.458991031980913132e+06 1.008642918091126939e+00 1.301487209275364876e-03
2.458991033369800076e+06 1.007659726606032535e+00 1.300927950069308281e-03
2.458991034758687019e+06 1.008114220783104420e+00 1.302728895097970963e-03
2.458991036147574428e+06 1.007164697764082684e+00 1.301563112065196037e-03
2.458991037536461372e+06 1.008801683881050293e+00 1.301575219258666039e-03
2.458991038925348315e+06 1.007158494093232104e+00 1.302260207012295723e-03
2.458991040314234793e+06 1.008247509361670513e+00 1.302179880440235138e-03
2.458991041703121737e+06 1.009168001610304399e+00 1.302357064560055733e-03
2.458991043092009146e+06 1.008080612546846000e+00 1.301563694141805172e-03
2.458991044480896089e+06 1.007166384198876941e+00 1.301790471188724041e-03
2.458991045869783033e+06 1.008742116594921967e+00 1.301230164244771004e-03
2.458991047258669510e+06 1.007285036932620947e+00 1.301558222621679306e-03
2.458991048647556454e+06 1.008079709099634735e+00 1.300802105106413364e-03
2.458991050036443397e+06 1.007477230269360424e+00 1.300736446864902973e-03
2.458991051425330807e+06 1.008604973308254493e+00 1.306041842326521873e-03
2.458991052814217750e+06 1.008589976084547812e+00 1.300738542340695858e-03
2.458991054203104693e+06 1.007832285023380958e+00 1.303322962485253811e-03
2.458991055591991171e+06 1.008076396459860247e+00 1.299385679885745049e-03
2.458991056980878115e+06 1.008413864108168356e+00 1.299948780797421932e-03
2.458991058369765058e+06 1.007615698611937782e+00 1.302309334278106689e-03
2.458991059758652002e+06 1.008871791384643002e+00 1.302225980907678604e-03
2.458991061147539411e+06 1.008344539592158640e+00 1.299837604165077209e-03
2.458991063925312832e+06 1.008443376717069073e+00 1.300645875744521618e-03
2.458991065314199775e+06 1.007753203277489629e+00 1.301475800573825836e-03
