2460157.052361 0.99509 0.00222 2.3213 -1.72 1.1 24.98 7130
2460157.052563 0.99617 0.0022 2.3157 1.8 -0.88 25.7 6408
2460157.052765 0.99479 0.00214 2.3101 0.83 2.68 25.48 6845
2460157.052967 0.99564 0.00212 2.3046 1.58 1.29 26.89 6370
2460157.053169 0.9977 0.0021 2.2991 -0.34 0.93 25.12 8259
2460157.053371 0.99302 0.00209 2.2936 -1.91 -0.7 25.47 8704
2460157.053573 0.99089 0.00207 2.2881 -1.08 -1.05 26.18 8450
2460157.053775 0.99217 0.00207 2.2827 1.62 0.05 25.05 9236
2460157.053985 0.9925 0.00206 2.2771 2.36 0.36 25.43 9225
2460157.054187 0.99662 0.00203 2.2718 1.49 0.04 26.6 8032
2460157.054389 0.99666 0.002 2.2664 2.04 -0.23 25.38 10298
2460157.054591 0.99282 0.00197 2.2611 0.15 -0.39 24.19 13622
2460157.054793 0.99683 0.00196 2.2559 0.28 0.81 24.7 11559
2460157.055017 0.99537 0.00195 2.25 -1.9 -0.59 24.81 13551
2460157.055226 0.99852 0.00197 2.2446 -1.82 1.05 24.33 11707
2460157.055421 0.9949 0.00196 2.2396 -1.32 -1.13 24.81 11525
2460157.05563 0.99557 0.00196 2.2343 -0.28 -0.41 25.18 10206
2460157.055832 1.0 0.00197 2.2291 -0.39 1.0 25.81 9484
2460157.056034 0.99228 0.00195 2.224 0.57 0.74 24.98 9989
2460157.056236 1.00068 0.00202 2.2189 2.05 -0.84 23.97 8845
2460157.056438 0.99885 0.0021 2.2138 2.48 -0.09 25.42 6220
2460157.06009 0.99576 0.0019 2.1266 -2.58 -0.46 25.01 9054
2460157.060292 0.99774 0.00186 2.122 0.99 -0.38 25.17 9121
2460157.060494 0.99185 0.00181 2.1174 -0.65 0.2 26.62 8898
2460157.060696 0.99267 0.00179 2.1128 1.25 0.26 25.96 9737
2460157.060898 0.99731 0.00179 2.1083 1.37 -0.3 24.27 11964
2460157.0611 1.00026 0.00182 2.1037 0.19 0.89 25.42 10051
2460157.061309 0.98608 0.00177 2.0991 -0.88 -0.52 25.01 11413
2460157.061511 0.99494 0.00176 2.0946 0.33 -0.54 24.82 12291
2460157.061713 0.99681 0.00175 2.0902 0.38 0.2 23.92 13182
2460157.061915 0.99684 0.00176 2.0857 -0.15 0.18 25.17 11634
2460157.062117 0.99852 0.00179 2.0814 -0.2 -0.16 24.61 9338
2460157.062319 0.99297 0.00179 2.077 -3.24 -0.37 24.08 10472
2460157.06252 0.99174 0.00179 2.0726 0.28 -0.61 24.86 9694
2460157.062723 0.99704 0.00175 2.0682 -1.82 -1.21 24.28 12344
2460157.062925 0.99502 0.00172 2.0639 1.92 -0.64 24.84 12161
2460157.063127 0.9951 0.00169 2.0596 0.01 1.12 24.0 13866
2460157.063329 0.99742 0.00169 2.0553 -0.12 0.19 24.41 14767
2460157.063531 0.99896 0.00169 2.0511 -0.42 -0.17 24.71 14161
2460157.063733 0.9944 0.00168 2.0468 1.15 0.83 24.21 14462
2460157.063942 0.99501 0.00169 2.0424 0.63 1.45 24.62 13057
2460157.064151 0.99188 0.00169 2.0381 0.18 1.36 24.11 12894
2460157.064353 0.99384 0.00169 2.0339 0.36 0.54 23.45 14795
2460157.064756 0.99319 0.00167 2.0256 -2.04 -0.4 24.54 13213
2460157.064958 0.98969 0.00166 2.0215 -0.53 -0.71 24.22 13124
2460157.065203 0.99634 0.00166 2.0165 4.24 0.73 23.96 13669
2460157.065405 1.00236 0.00166 2.0124 2.15 -0.39 25.11 11931
2460157.065607 0.99817 0.00165 2.0083 0.53 0.23 24.69 12445
2460157.065816 0.99806 0.00164 2.0042 -1.03 0.95 24.02 14037
2460157.066018 0.99564 0.00163 2.0002 0.07 0.42 24.07 13916
2460157.066219 0.99409 0.00162 1.9961 0.61 0.9 23.71 13962
2460157.066421 0.99388 0.00162 1.9922 -0.15 0.62 24.44 13732
2460157.066623 0.99677 0.00161 1.9882 0.35 0.19 23.71 14417
2460157.066824 0.99592 0.00161 1.9842 -0.68 0.17 24.23 13902
2460157.067026 0.99625 0.0016 1.9802 -0.79 -0.23 23.94 14979
2460157.067235 0.99863 0.0016 1.9763 0.76 -0.6 23.99 15753
2460157.067437 0.99447 0.00159 1.9724 2.16 -0.56 24.4 13346
2460157.067638 0.9992 0.00159 1.9685 3.38 -0.39 24.47 12982
2460157.06784 0.99396 0.00159 1.9646 -1.35 1.32 24.92 11995
2460157.068042 0.99986 0.00159 1.9608 -1.27 0.01 23.9 14117
2460157.068243 0.99404 0.00158 1.957 -0.04 1.17 24.38 14034
2460157.068445 0.99781 0.00158 1.9531 0.36 0.16 23.88 14640
2460157.068647 0.99617 0.00157 1.9493 -1.56 -0.09 24.24 14146
2460157.068856 0.99505 0.00156 1.9455 -1.41 0.1 23.52 16546
2460157.069058 0.99503 0.00155 1.9417 -0.72 -0.14 23.58 17101
2460157.069266 0.99665 0.00154 1.9378 -1.14 -0.05 24.01 14652
2460157.069468 0.99567 0.00154 1.9341 -0.01 -0.58 24.95 14427
2460157.06967 0.99512 0.00153 1.9304 1.02 1.25 23.92 15814
2460157.069873 0.99431 0.00153 1.9267 1.94 -0.99 23.67 15805
2460157.070075 0.99757 0.00153 1.923 0.19 0.33 23.26 15488
2460157.070277 0.9955 0.00152 1.9193 1.03 0.12 24.5 13707
2460157.070486 0.99857 0.00153 1.9156 -0.18 0.13 24.2 14239
2460157.070687 0.99503 0.00152 1.912 -0.78 1.09 23.87 14738
2460157.070889 0.9952 0.00151 1.9084 0.45 -0.15 23.91 15686
2460157.071091 0.99799 0.0015 1.9048 -1.17 0.06 23.54 16514
2460157.071293 0.99838 0.00151 1.9012 -0.34 0.18 23.65 16519
2460157.071495 0.99439 0.0015 1.8976 -2.59 -0.29 23.93 14983
2460157.071697 0.99719 0.0015 1.8941 -0.74 -0.16 25.52 11669
2460157.071898 0.99633 0.00148 1.8906 0.86 -0.72 24.27 13611
2460157.0721 0.99508 0.00147 1.887 1.86 1.34 25.35 14340
2460157.072309 0.99781 0.00147 1.8834 1.57 0.58 24.23 16880
2460157.072511 0.99645 0.00146 1.88 -0.75 -0.35 23.73 17886
2460157.072719 0.99683 0.00145 1.8764 0.34 -0.12 24.08 16995
2460157.072921 0.99719 0.00145 1.8729 0.02 -0.59 23.14 19432
2460157.073123 0.99652 0.00145 1.8695 -1.08 0.56 24.35 15773
2460157.073324 0.9946 0.00144 1.866 -1.92 0.62 23.3 20404
2460157.073533 0.99648 0.00144 1.8625 0.22 -0.31 23.95 17936
2460157.073734 0.99625 0.00144 1.8591 -0.91 -0.18 23.63 16744
2460157.073936 0.99686 0.00144 1.8558 -1.21 0.17 23.86 16146
2460157.074138 0.99637 0.00144 1.8524 0.72 -0.46 23.25 19926
2460157.074339 0.99777 0.00144 1.8491 1.03 0.28 23.54 15564
2460157.074541 0.99552 0.00144 1.8457 2.87 -0.06 23.75 16306
2460157.074742 0.99896 0.00144 1.8424 0.28 0.88 23.77 15540
2460157.074944 0.9985 0.00143 1.8391 -0.44 -0.56 23.37 16725
2460157.075146 0.99671 0.00142 1.8358 -1.23 0.29 22.95 17664
2460157.075347 0.99685 0.00141 1.8325 0.55 0.97 22.86 20776
2460157.075556 0.99808 0.0014 1.8292 0.48 -0.07 23.19 20379
2460157.075758 1.00005 0.00139 1.8259 -1.31 0.26 23.73 19065
2460157.075959 0.9977 0.00138 1.8227 -1.51 0.07 23.5 19909
2460157.076161 0.99667 0.00137 1.8195 -1.56 -0.47 23.72 20485
2460157.076363 0.99536 0.00137 1.8162 -0.99 -0.34 23.01 21886
2460157.076564 0.99525 0.00136 1.8131 1.46 0.15 23.34 21146
2460157.076766 0.99481 0.00136 1.8099 1.2 0.27 23.44 19525
2460157.076975 0.99828 0.00136 1.8066 0.74 1.69 23.59 19395
2460157.077176 0.996 0.00136 1.8034 0.86 0.75 22.68 22794
2460157.077378 0.99583 0.00135 1.8003 0.12 0.2 23.67 21267
2460157.077579 0.99621 0.00135 1.7972 0.26 0.69 23.48 19777
2460157.07778 0.99678 0.00135 1.7941 0.09 0.11 23.39 20382
2460157.077981 0.99792 0.00135 1.791 -1.24 0.23 24.04 17938
2460157.078183 0.99621 0.00134 1.7879 -1.75 -0.34 23.01 20250
2460157.078392 0.99591 0.00134 1.7847 -2.15 -0.24 22.6 23539
2460157.078593 0.9981 0.00134 1.7817 0.52 -0.31 24.11 18833
2460157.078795 0.99907 0.00134 1.7786 0.21 0.11 23.97 19963
2460157.078997 0.99723 0.00133 1.7756 2.23 -0.69 23.65 19559
2460157.079199 0.99587 0.00133 1.7725 0.65 1.16 23.8 19085
2460157.0794 0.99872 0.00133 1.7695 1.28 -0.01 24.52 17277
2460157.079602 0.99628 0.00132 1.7665 -0.38 -0.24 24.58 17545
2460157.079803 0.99541 0.00132 1.7635 -0.03 -0.18 23.87 19685
2460157.080012 0.99649 0.00132 1.7605 0.61 1.27 23.88 17942
2460157.080213 0.99721 0.00132 1.7575 -0.49 0.4 23.56 18939
2460157.080415 0.99978 0.00134 1.7546 -1.19 -0.46 24.22 14259
2460157.080616 0.99548 0.00134 1.7516 -1.63 0.17 23.94 16373
2460157.080818 0.99914 0.00134 1.7487 0.37 -0.66 23.84 15090
2460157.08102 0.99688 0.00132 1.7457 0.57 0.1 23.69 16396
2460157.081229 0.99599 0.00131 1.7428 0.73 -0.45 23.43 17277
2460157.08143 0.9953 0.00131 1.7399 0.06 -0.02 22.92 19037
2460157.081631 0.99965 0.0013 1.737 0.54 1.4 23.66 17926
2460157.081832 0.9972 0.00129 1.7342 -2.04 -1.03 23.42 18731
2460157.082034 0.99573 0.00128 1.7313 0.33 -0.28 22.86 20178
2460157.082235 0.99725 0.00128 1.7284 0.47 0.64 23.45 19655
2460157.082437 0.99878 0.00128 1.7256 -0.49 -0.05 23.46 18630
2460157.082645 0.99773 0.00127 1.7227 -1.45 0.96 23.79 18899
2460157.082846 0.99427 0.00126 1.7199 -1.74 0.02 22.99 22379
2460157.083048 0.99696 0.00126 1.7171 -0.58 -0.12 22.68 22060
2460157.083249 0.99887 0.00126 1.7144 0.76 -0.05 23.82 19105
2460157.083494 0.9998 0.00126 1.711 2.44 0.26 23.27 20961
2460157.083696 0.99731 0.00125 1.7082 0.83 0.83 22.52 24422
2460157.083897 0.99755 0.00125 1.7054 0.69 0.72 23.61 21433
2460157.084106 0.99754 0.00124 1.7026 0.0 0.02 23.41 22455
2460157.084307 0.99715 0.00124 1.6999 -0.37 0.0 22.97 24451
2460157.084509 1.00005 0.00124 1.6972 0.47 1.1 22.83 24157
2460157.08471 0.99969 0.00124 1.6945 -0.57 0.34 22.8 23251
2460157.084912 0.99852 0.00123 1.6918 -0.54 -0.48 23.3 20449
2460157.085113 0.99912 0.00123 1.6891 -2.24 -0.01 23.08 22107
2460157.085315 0.99913 0.00123 1.6865 -0.64 0.04 22.67 22011
2460157.085516 1.00023 0.00123 1.6838 1.04 0.06 23.35 21904
2460157.085718 1.00031 0.00122 1.6811 2.23 -0.2 22.61 24265
2460157.085926 1.0 0.00122 1.6784 0.52 -0.65 23.86 20880
2460157.086128 1.00089 0.00122 1.6758 -0.54 0.39 23.11 20606
2460157.086329 0.99913 0.00121 1.6732 -0.17 -0.44 23.5 20359
2460157.08653 0.99897 0.00121 1.6706 0.59 -0.71 23.52 21480
2460157.086731 0.99873 0.00121 1.668 1.29 0.84 23.19 18879
2460157.086933 0.99851 0.00121 1.6654 -1.13 0.92 23.26 20239
2460157.087134 0.99865 0.0012 1.6627 -2.34 -0.78 23.61 22450
2460157.087335 0.99915 0.0012 1.6602 0.1 0.01 23.52 19336
2460157.087544 0.99769 0.0012 1.6576 -2.8 -1.1 23.59 20099
2460157.087781 1.00011 0.0012 1.6546 0.52 -0.3 23.12 21303
2460157.087982 0.99839 0.00119 1.6521 0.89 0.14 23.48 22055
2460157.088183 0.99788 0.00119 1.6495 1.68 0.06 24.28 17944
2460157.088384 1.00126 0.00119 1.647 0.73 1.12 23.23 22443
2460157.088586 1.00004 0.00119 1.6445 -1.57 0.66 23.57 19006
2460157.088794 0.99954 0.00118 1.6419 -0.45 -0.15 22.74 23728
2460157.088996 1.00019 0.00118 1.6394 0.6 0.7 22.78 23226
2460157.089197 1.00134 0.00118 1.6369 0.2 0.53 23.49 19345
2460157.089399 0.99889 0.00118 1.6345 -1.02 -0.75 23.45 18851
2460157.0896 0.9998 0.00117 1.632 -0.76 -0.16 22.97 22610
2460157.089801 0.99806 0.00117 1.6296 -2.21 -0.63 24.8 18045
2460157.090003 0.99938 0.00117 1.6271 1.48 -0.35 22.44 26029
2460157.090204 1.00115 0.00116 1.6247 0.39 -0.36 22.53 24851
2460157.090406 1.0012 0.00116 1.6223 -0.04 2.4 24.36 21107
2460157.090607 1.00209 0.00116 1.6198 0.84 -0.18 22.37 25500
2460157.090816 1.00029 0.00116 1.6174 -0.24 0.07 23.62 23037
2460157.091017 0.9994 0.00115 1.615 0.57 -0.17 23.39 22927
2460157.091226 1.00149 0.00115 1.6125 0.12 -0.36 23.08 22875
2460157.091427 0.99992 0.00115 1.6101 -0.68 1.16 23.06 23116
2460157.091635 0.99884 0.00114 1.6077 -1.39 -0.51 22.95 24568
2460157.091837 0.99998 0.00114 1.6054 -1.76 -0.93 24.02 19959
2460157.092039 0.99919 0.00114 1.603 -1.73 0.84 23.79 19869
2460157.092241 0.99966 0.00114 1.6007 0.24 -0.2 25.82 14705
2460157.092442 1.00341 0.00114 1.5983 1.19 0.29 22.92 21902
2460157.092643 1.00157 0.00113 1.596 -0.47 -0.4 23.73 21952
2460157.092844 0.99918 0.00113 1.5937 -0.88 0.79 22.1 25483
2460157.093045 1.00235 0.00113 1.5914 -1.02 -0.46 23.94 18490
2460157.093254 0.99979 0.00113 1.589 -0.55 -0.84 23.63 19363
2460157.093455 0.99998 0.00112 1.5868 1.14 0.35 23.82 18905
2460157.093656 1.00067 0.00112 1.5845 -1.65 -0.03 24.02 20335
2460157.093857 1.00148 0.00112 1.5822 -1.28 0.33 23.37 20199
2460157.094058 1.00106 0.00112 1.58 -2.03 -0.7 22.89 23664
2460157.094259 1.00079 0.00112 1.5777 -0.97 -0.76 22.97 22564
2460157.094467 1.00181 0.00111 1.5754 -0.77 -0.8 23.07 24919
2460157.094668 1.00319 0.00111 1.5732 1.45 0.72 23.46 22313
2460157.094869 1.00118 0.00111 1.5709 -0.74 -0.58 22.49 27525
2460157.095078 1.00037 0.00111 1.5687 -0.34 0.6 22.45 24078
2460157.095279 1.00252 0.00111 1.5664 0.49 0.53 23.19 24252
2460157.09548 1.00338 0.00111 1.5642 0.2 0.44 23.55 22556
2460157.095681 1.0027 0.00111 1.562 0.8 0.15 23.64 20390
2460157.095882 1.00215 0.00111 1.5598 1.17 0.34 23.79 18079
2460157.096091 1.00039 0.0011 1.5576 -1.8 1.77 23.76 20361
2460157.096292 0.99986 0.00109 1.5555 -1.11 -0.62 23.06 23036
2460157.096493 1.00204 0.0011 1.5533 -0.63 -0.96 24.72 16486
2460157.096694 1.00254 0.00109 1.5512 -0.22 1.19 23.47 22034
2460157.096895 1.00036 0.00109 1.549 1.21 0.27 25.04 16920
2460157.097096 1.0024 0.00109 1.5469 1.21 -0.51 24.23 19301
2460157.097305 1.00203 0.00109 1.5447 0.02 0.41 24.55 18382
2460157.097506 1.00387 0.00109 1.5426 1.25 0.26 26.77 12890
2460157.097735 1.00207 0.00108 1.5401 -0.27 -1.09 23.97 20621
2460157.097937 1.00262 0.00108 1.538 -0.43 -0.35 23.83 19375
2460157.098138 1.00175 0.00108 1.5359 1.17 1.29 24.63 17416
2460157.098339 1.0012 0.00108 1.5339 -0.74 -1.65 25.22 16169
2460157.09854 0.99864 0.00107 1.5318 -1.83 -0.44 25.09 16417
2460157.09874 1.00459 0.00108 1.5297 -2.21 -0.5 24.95 17392
2460157.098949 1.00241 0.00107 1.5276 -1.83 0.56 23.71 19026
2460157.09915 1.00397 0.00107 1.5255 1.26 -1.15 26.12 15075
2460157.099358 1.00281 0.00107 1.5234 0.48 0.26 24.91 16045
2460157.099559 1.00177 0.00106 1.5214 -1.54 0.13 23.77 20096
2460157.099761 1.00228 0.00106 1.5193 -0.61 -0.54 24.32 22941
2460157.099962 1.00324 0.00106 1.5173 -0.06 -0.08 24.09 20903
2460157.100163 1.00362 0.00106 1.5153 2.65 -0.37 24.47 18491
2460157.100371 1.00197 0.00105 1.5132 1.27 0.74 24.81 18733
2460157.100572 1.00287 0.00105 1.5112 -2.37 -0.34 22.77 26553
2460157.100773 1.00338 0.00105 1.5092 -1.35 -0.37 23.38 21902
2460157.100974 1.00313 0.00105 1.5072 -0.8 -0.98 23.69 23021
2460157.101175 1.00101 0.00105 1.5052 0.19 0.54 23.13 20866
2460157.101382 1.00086 0.00104 1.5032 -0.04 -0.1 22.8 26276
2460157.101583 1.00286 0.00104 1.5013 1.1 -0.51 23.2 22385
2460157.101784 1.00356 0.00104 1.4993 -0.26 0.22 22.5 25907
2460157.101992 1.00316 0.00104 1.4973 -0.12 0.29 23.3 22946
2460157.102193 1.00227 0.00104 1.4953 -0.43 -0.34 22.28 25006
2460157.102394 1.00271 0.00104 1.4934 0.91 -0.27 22.27 23987
2460157.102596 1.00445 0.00104 1.4915 0.07 -0.43 23.34 19593
2460157.102796 1.00408 0.00104 1.4895 -1.2 1.44 24.36 19737
2460157.102997 1.0041 0.00103 1.4876 -1.92 0.14 22.12 26754
2460157.103199 1.00428 0.00103 1.4857 -1.67 -0.77 22.16 26382
2460157.103408 1.00392 0.00103 1.4837 -0.41 0.46 21.58 29509
2460157.103609 1.00086 0.00103 1.4818 0.84 -0.68 22.98 22628
2460157.103809 1.00306 0.00102 1.48 1.1 0.02 21.73 28786
2460157.10401 1.00475 0.00103 1.4781 -0.1 0.34 22.22 27069
2460157.104218 1.00284 0.00102 1.4761 0.3 0.54 21.21 33895
2460157.10442 1.00509 0.00102 1.4743 0.0 0.28 21.9 30838
2460157.104628 1.00337 0.00102 1.4723 0.67 -0.14 21.62 31369
2460157.104829 1.00166 0.00101 1.4705 1.03 -0.06 21.42 32111
2460157.10503 1.00613 0.00102 1.4686 0.85 0.31 21.9 29177
2460157.105231 1.00442 0.00101 1.4668 -0.36 -0.48 21.45 30492
2460157.105432 1.00273 0.00101 1.465 -1.56 -0.75 22.51 24023
2460157.105633 1.00483 0.00101 1.4631 -0.84 -0.21 22.32 24286
2460157.105841 1.00503 0.00101 1.4612 -0.67 -0.04 21.49 33002
2460157.106042 1.00164 0.001 1.4594 1.71 0.09 21.54 32187
2460157.106243 1.00323 0.001 1.4576 0.19 0.29 21.04 31822
2460157.106444 1.00335 0.001 1.4558 -0.49 0.07 21.86 31814
2460157.106652 1.00342 0.001 1.454 -0.68 -0.08 21.36 36515
2460157.106853 1.00186 0.001 1.4522 -0.22 -0.38 21.68 32303
2460157.107054 1.00476 0.001 1.4504 0.84 0.53 22.08 30061
2460157.107255 1.00272 0.001 1.4486 0.06 -0.39 21.29 32192
2460157.107456 1.00279 0.00099 1.4468 -1.49 -0.24 22.48 25203
2460157.107685 1.00437 0.00099 1.4448 -2.42 -0.94 21.24 34551
2460157.107886 1.00316 0.00099 1.443 -0.58 0.6 21.29 29858
2460157.108094 1.00291 0.00099 1.4413 1.8 0.29 21.2 34963
2460157.108295 1.00428 0.00099 1.4395 0.47 -0.76 20.85 35459
2460157.108495 1.00377 0.00099 1.4378 1.45 0.99 21.0 31011
2460157.108696 1.00189 0.00098 1.436 0.22 -0.11 21.5 28748
2460157.108897 1.00302 0.00098 1.4343 -0.4 -0.15 20.75 35942
2460157.109105 1.00147 0.00098 1.4325 0.08 0.23 21.3 32595
2460157.109306 1.001 0.00098 1.4308 0.69 0.28 21.06 33612
2460157.109514 1.00445 0.00098 1.4291 -0.05 0.19 21.23 31219
2460157.109915 1.0047 0.00098 1.4257 -1.34 -0.74 21.3 31490
2460157.110116 1.00338 0.00099 1.424 -0.39 0.14 21.1 29741
2460157.110317 1.00466 0.00099 1.4223 0.41 -0.03 21.65 29219
2460157.110525 1.00279 0.00099 1.4205 1.56 -0.32 20.8 29667
2460157.110726 1.00327 0.00099 1.4189 0.64 0.26 21.65 27100
2460157.110927 1.00277 0.00099 1.4172 -0.27 0.2 21.07 28091
2460157.111134 1.00327 0.001 1.4155 -0.44 0.78 21.26 29972
2460157.111335 1.00402 0.00099 1.4138 0.32 -0.26 20.87 29333
2460157.111536 1.00419 0.00099 1.4122 0.64 0.53 20.88 29265
2460157.111744 1.00585 0.00099 1.4105 -0.3 0.23 20.77 31797
2460157.111945 1.00465 0.00099 1.4088 -1.65 -0.28 20.6 29669
2460157.112146 1.00176 0.00098 1.4072 -1.9 -0.23 21.15 27707
2460157.112347 1.00339 0.00098 1.4056 -0.31 -0.84 21.28 28753
2460157.112554 1.00305 0.00097 1.4039 -0.13 0.21 20.88 31876
2460157.112756 1.00237 0.00097 1.4023 1.2 -0.74 21.92 25300
2460157.112956 1.00625 0.00097 1.4007 -0.13 0.28 20.99 28105
2460157.113164 1.00442 0.00097 1.399 1.71 -0.26 21.16 31870
2460157.113365 1.0049 0.00097 1.3974 -0.75 0.23 21.17 28641
2460157.113573 1.0049 0.00097 1.3958 0.01 0.06 21.6 27388
2460157.113774 1.0054 0.00096 1.3942 1.17 0.25 20.98 30453
2460157.113974 1.00342 0.00096 1.3926 -0.56 -0.42 21.57 28773
2460157.114182 1.00537 0.00096 1.391 -0.86 -0.05 21.4 29245
2460157.114384 1.00225 0.00096 1.3894 -1.55 -0.55 21.37 30452
2460157.114585 1.00523 0.00096 1.3879 -0.24 -0.79 21.53 30107
2460157.114786 1.00552 0.00096 1.3863 1.17 0.07 20.93 31198
2460157.114986 1.00579 0.00095 1.3847 2.1 -0.82 20.73 32373
2460157.115208 1.00424 0.00095 1.383 0.29 1.11 21.79 28834
2460157.115409 1.00752 0.00095 1.3815 -0.42 -0.68 21.62 30204
2460157.115617 1.0038 0.00095 1.3799 0.07 0.3 21.3 30911
2460157.115817 1.00415 0.00094 1.3784 0.31 -0.56 21.39 28212
2460157.116018 1.00533 0.00094 1.3768 0.34 0.77 21.6 29138
2460157.116226 1.004 0.00094 1.3753 -0.66 0.53 21.05 30603
2460157.116426 1.0048 0.00094 1.3738 -1.17 -0.06 21.25 32025
2460157.116627 1.00494 0.00094 1.3722 -1.41 -0.45 21.02 29824
2460157.116834 1.00438 0.00094 1.3707 -0.62 0.0 21.25 33068
2460157.117035 1.00406 0.00093 1.3692 0.57 -0.52 21.02 31715
2460157.117236 1.00447 0.00093 1.3677 2.46 -0.11 21.14 29723
2460157.117443 1.00469 0.00093 1.3661 0.65 0.78 21.49 27832
2460157.117644 1.00587 0.00093 1.3646 -1.11 0.31 20.77 33863
2460157.117852 1.00498 0.00093 1.3631 0.74 0.12 21.07 32608
2460157.118053 1.00598 0.00093 1.3617 -0.12 -0.3 21.27 27405
2460157.118253 1.00369 0.00093 1.3602 -1.36 0.61 21.61 26468
2460157.118454 1.00512 0.00093 1.3587 -1.22 0.06 22.68 22438
2460157.118662 1.00328 0.00093 1.3572 -0.6 -0.42 22.43 24661
2460157.118862 1.00319 0.00093 1.3558 -1.77 -0.89 22.37 23191
2460157.119063 1.004 0.00093 1.3543 -0.71 -0.09 21.81 26940
2460157.119264 1.00431 0.00093 1.3529 1.14 -0.25 21.78 24757
2460157.119471 1.00633 0.00093 1.3514 2.11 -0.65 22.04 25053
2460157.119678 1.00655 0.00093 1.3499 3.73 -0.64 24.02 17195
2460157.119879 1.00605 0.00093 1.3485 -0.12 0.17 23.12 19621
2460157.12008 1.00632 0.00093 1.347 -0.66 0.34 22.54 21412
2460157.12028 1.007 0.00094 1.3456 -0.51 -0.4 21.23 27166
2460157.120488 1.00359 0.00095 1.3442 0.22 0.03 22.1 24134
2460157.120689 1.00647 0.00098 1.3428 -0.76 -0.68 21.74 23794
2460157.12089 1.00813 0.001 1.3413 -0.76 0.23 21.39 18679
2460157.121097 1.0034 0.00103 1.3399 -2.88 -0.76 21.23 18730
2460157.121298 1.00087 0.00106 1.3385 -0.54 -0.48 20.93 18727
2460157.121498 1.00503 0.00112 1.3371 1.23 -0.1 21.53 15631
2460157.121706 1.00275 0.00112 1.3357 1.59 -0.34 20.98 15543
2460157.121906 1.00608 0.00111 1.3343 2.21 -0.0 21.46 15894
2460157.122107 1.00508 0.00115 1.3329 0.11 -0.13 21.82 13729
2460157.122307 1.00304 0.00112 1.3316 0.29 -0.42 21.16 14971
2460157.122508 1.0042 0.0011 1.3301 -0.31 0.41 21.7 15497
2460157.122715 1.00211 0.00109 1.3288 0.58 0.04 21.66 15129
2460157.122916 1.00458 0.00112 1.3274 -0.78 0.83 21.53 15365
2460157.123116 1.00263 0.00111 1.326 -2.33 -0.04 21.18 15665
2460157.123324 1.00212 0.00116 1.3246 -2.49 -0.26 22.09 12300
2460157.123531 1.00311 0.00128 1.3233 -0.35 -0.86 22.02 9988
2460157.123732 1.00332 0.00138 1.3219 0.58 0.3 22.0 9003
2460157.124133 1.00351 0.00122 1.3193 1.9 -0.94 22.3 9681
2460157.12434 1.00261 0.00129 1.3179 -0.29 0.08 21.61 10819
2460157.124541 1.00668 0.00108 1.3166 0.38 -0.46 21.92 14884
2460157.124741 1.00591 0.00119 1.3153 0.41 -0.58 22.04 11522
2460157.124942 1.00161 0.00116 1.3139 -0.2 1.27 21.97 12328
2460157.125143 0.99918 0.00117 1.3126 -0.84 0.45 23.71 9629
2460157.12535 1.00202 0.00107 1.3113 -0.28 -0.49 21.06 16502
2460157.125559 1.00265 0.00106 1.3099 -1.52 -1.0 24.28 11164
2460157.12576 1.00274 0.00111 1.3086 -1.38 0.28 21.67 16053
2460157.12596 1.00397 0.0011 1.3074 0.22 -0.09 22.11 13034
2460157.126161 1.00193 0.0011 1.306 1.35 0.28 21.83 15264
2460157.126368 1.00592 0.00115 1.3047 3.23 -1.26 22.21 12597
2460157.126569 1.00335 0.00106 1.3035 -0.18 -0.1 22.56 14854
2460157.126769 1.00378 0.00105 1.3022 -0.53 0.32 21.45 16349
2460157.126977 1.00236 0.00098 1.3009 0.6 -0.69 21.45 20576
2460157.127177 1.00112 0.00095 1.2996 1.46 -0.75 21.81 21045
