2460157.052254 0.99807 0.00281 2.3243 -1.32 3.12 25.07 17723
2460157.052415 0.99413 0.00275 2.3199 2.2 -0.06 26.58 15954
2460157.052569 0.99766 0.00276 2.3156 0.45 -3.29 27.89 15194
2460157.052723 0.99987 0.00269 2.3113 3.67 2.53 27.27 16772
2460157.052877 0.99943 0.00266 2.307 3.49 1.62 26.77 18030
2460157.053038 0.9955 0.00261 2.3026 1.66 -0.47 25.89 21162
2460157.053192 0.99829 0.00261 2.2984 1.81 1.66 26.26 19169
2460157.053353 0.99745 0.00261 2.2942 -0.67 0.22 26.13 18567
2460157.053507 1.00055 0.0026 2.2899 0.31 -0.87 25.9 21968
2460157.053668 0.99575 0.00258 2.2856 1.89 0.91 25.9 24925
2460157.053822 0.99854 0.00259 2.2814 1.74 2.1 26.29 22033
2460157.053983 0.99458 0.00256 2.2772 1.32 1.55 25.26 21560
2460157.054136 0.99215 0.00251 2.273 3.65 2.4 26.69 23542
2460157.054304 0.98931 0.00248 2.2687 2.07 0.07 25.78 24028
2460157.054458 0.99862 0.00249 2.2646 1.26 1.57 25.24 27478
2460157.054612 0.99501 0.00245 2.2606 1.57 -0.35 24.84 31511
2460157.054773 0.99139 0.00243 2.2564 1.37 0.95 25.49 30000
2460157.054927 0.99549 0.00243 2.2524 -0.11 1.26 25.76 30180
2460157.055081 0.99887 0.00244 2.2483 2.84 -0.5 25.39 30311
2460157.055242 0.99613 0.00244 2.2443 -0.53 2.0 25.42 28564
2460157.055396 0.993 0.00243 2.2402 -0.69 -0.62 25.88 27230
2460157.05555 0.99632 0.00243 2.2363 0.94 0.9 25.54 27986
2460157.055711 1.00175 0.00245 2.2322 -0.64 -0.53 26.99 21951
2460157.055865 0.9947 0.00243 2.2282 2.76 1.08 25.97 26532
2460157.056026 0.99355 0.00243 2.2242 3.4 1.05 25.71 25817
2460157.056187 1.00223 0.00249 2.2202 -0.14 -0.17 26.79 20385
2460157.056341 0.99921 0.00256 2.2163 5.82 0.28 25.93 18480
2460157.056495 0.99516 0.00264 2.2124 1.95 2.28 27.04 14737
2460157.059981 0.98418 0.00241 2.129 -3.9 1.17 26.06 18066
2460157.060135 0.99525 0.00235 2.1255 -3.31 1.52 24.53 24574
2460157.060296 0.99341 0.0023 2.1219 1.63 0.28 25.69 22884
2460157.06045 0.99213 0.00226 2.1183 1.66 1.19 26.98 20846
2460157.060611 0.99383 0.00222 2.1148 0.17 -0.58 25.16 29035
2460157.060765 0.99609 0.00222 2.1113 3.0 1.45 25.81 30687
2460157.060919 0.9954 0.00222 2.1078 2.02 -0.46 24.66 31650
2460157.06108 1.00055 0.00225 2.1042 1.19 0.27 25.85 24853
2460157.061233 0.99517 0.00224 2.1007 -0.4 1.12 26.61 23155
2460157.061394 0.99293 0.00219 2.0972 0.54 -2.1 24.94 32844
2460157.061548 0.99622 0.00219 2.0938 1.46 -0.24 25.14 29509
2460157.061702 0.99908 0.00217 2.0903 1.02 0.71 24.64 34607
2460157.061863 1.0009 0.00217 2.0869 0.82 1.0 25.23 29880
2460157.062017 1.00017 0.0022 2.0835 0.2 0.13 24.52 34153
2460157.062178 0.99359 0.00222 2.0801 -0.34 -0.72 24.9 27282
2460157.062332 0.99577 0.00222 2.0766 -1.2 -0.38 24.73 26069
2460157.062486 0.99149 0.00222 2.0733 0.97 0.45 25.29 24975
2460157.062647 0.99332 0.00218 2.0699 0.69 0.87 24.82 28573
2460157.062801 0.98881 0.00214 2.0665 0.66 -0.42 23.79 36373
2460157.062962 0.99389 0.00213 2.0631 4.53 -0.54 24.47 33288
2460157.063123 0.99287 0.00209 2.0598 0.94 1.07 24.18 36864
2460157.063277 0.99399 0.00209 2.0564 0.58 -0.16 25.16 36462
2460157.063431 0.99806 0.00209 2.0531 0.66 0.19 24.63 38409
2460157.063592 0.99525 0.00209 2.0498 0.44 -0.49 24.82 36660
2460157.063746 0.99968 0.0021 2.0465 2.61 1.12 24.4 36945
2460157.063914 0.99741 0.0021 2.043 1.5 1.54 25.04 31561
2460157.064068 0.9943 0.0021 2.0398 1.79 2.21 24.9 34892
2460157.064222 0.99901 0.00211 2.0366 1.04 0.54 23.72 38782
2460157.064383 0.99533 0.00209 2.0333 -0.25 1.46 23.74 35854
2460157.064537 0.99333 0.00208 2.0301 0.75 1.45 23.89 34868
2460157.064691 0.99144 0.00207 2.0269 -0.11 0.03 24.93 32737
2460157.064852 0.99807 0.00208 2.0237 -0.25 1.14 23.97 35126
2460157.065006 0.99728 0.00207 2.0204 -0.15 -1.25 24.22 34742
2460157.065181 0.99945 0.00207 2.0169 5.62 1.87 24.02 36987
2460157.065342 0.99521 0.00205 2.0137 2.18 0.08 25.07 34013
2460157.065496 1.00266 0.00206 2.0105 3.3 -0.56 25.18 30462
2460157.065656 0.99671 0.00205 2.0074 0.43 0.83 24.75 34736
2460157.06581 0.99716 0.00203 2.0043 -0.46 1.36 24.26 38573
2460157.065964 0.99893 0.00203 2.0011 0.97 -0.77 24.78 35646
2460157.066125 0.99671 0.00201 1.9981 0.7 1.04 23.41 45318
2460157.066279 0.99395 0.002 1.995 2.44 0.7 23.9 37757
2460157.066433 0.99719 0.00201 1.9919 1.69 1.46 24.25 37636
2460157.066594 0.99643 0.002 1.9888 1.46 -0.09 24.29 39179
2460157.066748 0.99398 0.00199 1.9857 -0.63 0.27 23.56 40010
2460157.066902 0.99668 0.00199 1.9827 0.29 -0.81 24.21 40085
2460157.067063 0.99438 0.00197 1.9796 -0.6 0.21 24.04 40158
2460157.067217 1.00045 0.00198 1.9766 1.28 -0.74 24.01 41219
2460157.067371 0.99826 0.00198 1.9736 4.27 0.56 25.89 31366
2460157.067532 0.99482 0.00196 1.9706 1.62 0.29 24.73 36721
2460157.067686 1.0011 0.00197 1.9676 6.38 -0.02 24.39 36932
2460157.06784 0.99601 0.00197 1.9646 -0.75 1.61 24.44 31640
2460157.067994 0.99874 0.00197 1.9616 0.29 0.4 23.92 40368
2460157.068155 0.99539 0.00196 1.9587 1.37 1.27 24.05 35527
2460157.068308 0.99772 0.00196 1.9557 1.44 1.28 24.17 38231
2460157.068469 0.99775 0.00195 1.9527 1.6 0.02 24.27 37220
2460157.068623 0.99642 0.00194 1.9498 -0.59 -0.49 24.16 40226
2460157.068777 0.99223 0.00193 1.9469 -1.61 0.31 24.37 40955
2460157.068938 0.99507 0.00193 1.944 1.66 0.24 22.91 43904
2460157.069092 0.99652 0.00192 1.941 0.53 1.09 23.45 50385
2460157.06926 1.00252 0.00192 1.938 -0.08 0.43 23.77 45200
2460157.069414 0.99635 0.00191 1.9351 -0.96 -0.26 24.64 37991
2460157.069568 0.99345 0.00189 1.9323 0.48 -0.82 24.0 41516
2460157.06973 0.99281 0.00189 1.9293 2.79 1.83 24.16 42321
2460157.069884 0.99435 0.00189 1.9264 2.97 -1.08 23.48 44114
2460157.070045 0.99446 0.00189 1.9236 1.19 0.93 23.04 45008
2460157.070199 0.99598 0.00189 1.9208 0.76 0.14 24.32 37721
2460157.070353 0.99001 0.00188 1.9179 1.77 1.16 25.03 37817
2460157.070514 0.99682 0.00189 1.9151 0.9 -0.92 24.58 37251
2460157.070668 0.99667 0.00189 1.9123 0.53 1.46 24.36 38295
2460157.070829 0.99545 0.00187 1.9095 0.83 0.64 23.83 39374
2460157.070983 0.99833 0.00186 1.9067 0.47 0.85 24.1 44663
2460157.071137 0.99785 0.00186 1.9039 -0.42 0.38 23.68 41007
2460157.071297 0.99952 0.00187 1.9011 0.41 0.27 24.02 39320
2460157.071451 0.99797 0.00186 1.8984 -2.01 -0.86 24.37 39483
2460157.071605 0.99446 0.00185 1.8956 0.66 1.04 24.52 38637
2460157.071766 0.99552 0.00184 1.8929 0.0 -1.25 24.27 37708
2460157.07192 0.99385 0.00183 1.8902 1.52 -0.93 24.93 37165
2460157.072074 0.99815 0.00183 1.8875 1.67 0.84 25.13 39261
2460157.072235 0.9959 0.00182 1.8848 2.35 0.11 24.35 44812
2460157.072389 0.99511 0.00181 1.8821 0.2 0.58 23.8 45290
2460157.07255 0.9965 0.0018 1.8793 -0.05 0.19 23.95 44424
2460157.072704 0.99958 0.0018 1.8766 0.25 -0.13 24.72 45025
2460157.072858 0.99811 0.00179 1.874 1.33 0.12 24.75 41566
2460157.073012 0.99551 0.00179 1.8713 0.01 -0.09 24.36 43694
2460157.073173 0.99556 0.00179 1.8686 -0.98 0.4 24.24 45417
2460157.073327 0.99891 0.00179 1.866 -1.15 1.12 23.49 50734
2460157.073481 0.99674 0.00178 1.8634 1.76 -1.05 23.63 50910
2460157.073642 0.99447 0.00178 1.8607 -0.33 0.39 24.01 44895
2460157.073796 0.99393 0.00178 1.8581 -0.22 -0.9 23.57 46333
2460157.073957 0.99932 0.00178 1.8555 0.28 0.43 24.47 40457
2460157.074111 0.99593 0.00177 1.8529 0.91 -0.58 23.38 47586
2460157.074265 0.99864 0.00178 1.8502 1.97 -0.25 24.21 41429
2460157.074426 0.99744 0.00178 1.8476 1.96 0.31 23.51 41143
2460157.07458 0.99795 0.00178 1.8451 3.42 -0.18 23.94 41210
2460157.074734 0.9992 0.00178 1.8425 0.8 0.82 23.77 42985
2460157.074894 0.99852 0.00177 1.8399 0.88 -0.56 23.4 47397
2460157.075048 0.99796 0.00177 1.8373 0.5 0.57 22.73 51448
2460157.075209 0.99648 0.00175 1.8348 -1.0 0.28 23.62 48828
2460157.075363 0.99628 0.00174 1.8323 1.74 1.26 22.99 58916
2460157.075524 0.99942 0.00173 1.8297 1.42 -0.34 23.63 52534
2460157.075678 0.9956 0.00172 1.8272 0.78 0.37 23.37 56630
2460157.075832 1.0 0.00171 1.8246 -1.49 -0.46 22.73 61756
2460157.075993 0.99686 0.0017 1.8222 -0.64 0.31 23.62 60007
2460157.076147 0.99618 0.0017 1.8196 -1.28 -0.77 23.72 54540
2460157.076308 0.9939 0.00169 1.8172 0.12 0.02 23.48 59076
2460157.076462 0.99739 0.00169 1.8147 0.88 -0.14 23.44 56536
2460157.076616 0.99646 0.00169 1.8122 2.41 0.02 23.37 56368
2460157.076777 0.99279 0.00168 1.8098 1.45 0.4 23.23 56243
2460157.076931 0.99581 0.00168 1.8072 1.06 1.67 23.79 53589
2460157.077092 0.99103 0.00167 1.8048 0.68 0.56 23.25 61770
2460157.077246 0.99899 0.00168 1.8024 1.23 1.04 23.61 63052
2460157.0774 0.9953 0.00167 1.7999 0.93 0.12 23.38 57395
2460157.077561 0.99511 0.00166 1.7975 0.84 1.05 23.24 58896
2460157.077714 0.99792 0.00166 1.7951 1.32 -0.75 23.89 55775
2460157.077868 0.99746 0.00166 1.7927 0.07 1.78 24.04 49703
2460157.078022 0.99987 0.00166 1.7903 -1.46 -1.04 23.57 54613
2460157.078183 0.99896 0.00166 1.7879 -1.39 0.34 23.0 57932
2460157.078337 0.9943 0.00165 1.7855 -0.88 0.18 23.32 56195
2460157.078491 0.99608 0.00165 1.7832 -0.1 -1.41 23.75 52126
2460157.078652 1.00191 0.00166 1.7808 2.4 -0.23 24.5 49879
2460157.078805 1.00029 0.00165 1.7784 0.53 0.1 24.04 54863
2460157.078963 0.99937 0.00165 1.7761 2.17 -0.04 24.02 49768
2460157.079114 0.99616 0.00164 1.7737 0.79 -0.02 23.64 51497
2460157.079272 0.9931 0.00163 1.7714 1.25 -0.49 23.64 52255
2460157.07943 0.996 0.00163 1.7691 1.69 0.37 24.49 47221
2460157.079588 0.99541 0.00163 1.7668 -0.21 -0.13 24.33 47641
2460157.079746 0.99765 0.00163 1.7644 0.09 -0.59 24.57 45777
2460157.079897 0.99761 0.00163 1.7621 0.19 0.0 24.39 47564
2460157.080055 0.99767 0.00163 1.7598 0.97 0.66 23.57 51665
2460157.080214 0.99951 0.00163 1.7575 -0.63 0.12 23.69 51584
2460157.080372 0.99925 0.00164 1.7552 0.24 -0.06 24.65 40166
2460157.080522 0.99575 0.00165 1.753 -1.73 0.2 24.07 40748
2460157.080695 0.99751 0.00165 1.7505 -0.54 -0.07 23.81 42606
2460157.080854 1.0007 0.00165 1.7482 1.08 -0.38 23.85 46485
2460157.081005 0.9997 0.00164 1.7459 1.39 -0.04 23.48 42653
2460157.081163 0.99677 0.00162 1.7437 0.93 -0.24 23.31 51308
2460157.081321 0.99764 0.00162 1.7415 1.3 0.67 24.24 49479
2460157.081479 0.99612 0.00161 1.7392 -0.48 0.14 23.37 49557
2460157.081631 1.00184 0.0016 1.737 1.67 1.36 23.76 51270
2460157.081789 0.998 0.00159 1.7348 -2.55 -0.88 23.69 49107
2460157.081947 0.99877 0.00159 1.7326 1.06 -0.56 22.42 60728
2460157.082104 0.99421 0.00158 1.7304 0.78 1.09 23.13 56387
2460157.082255 0.99903 0.00158 1.7282 0.54 0.17 23.22 53915
2460157.082413 0.99857 0.00158 1.726 0.28 0.04 23.64 51703
2460157.082571 0.99654 0.00157 1.7237 -1.39 0.26 23.48 53100
2460157.08288 0.99597 0.00156 1.7194 -0.97 0.83 23.09 58732
2460157.083039 0.99457 0.00155 1.7172 -0.32 -0.35 22.61 62260
2460157.083196 1.0012 0.00156 1.7151 1.18 0.2 23.32 56907
2460157.083354 0.9959 0.00155 1.7129 -0.2 -0.0 22.87 64022
2460157.083512 0.9988 0.00155 1.7108 2.72 -0.35 23.21 61194
2460157.083663 0.99757 0.00154 1.7086 0.62 0.21 22.44 64186
2460157.083821 0.99835 0.00154 1.7065 0.94 0.32 23.8 52756
2460157.083979 0.99648 0.00154 1.7044 0.21 0.61 23.56 58855
2460157.084137 1.00056 0.00154 1.7023 0.62 -0.3 23.38 62045
2460157.084288 0.99754 0.00153 1.7001 -0.16 0.02 22.35 62247
2460157.084446 1.00159 0.00153 1.6981 0.76 0.54 23.43 61696
2460157.084604 1.00011 0.00153 1.696 0.54 1.36 23.04 63178
2460157.084755 0.99786 0.00152 1.6938 -0.73 -0.71 22.29 68107
2460157.084917 0.99982 0.00152 1.6918 -0.16 -0.77 23.56 56802
2460157.085071 1.0 0.00152 1.6897 -2.31 -1.02 23.4 58060
2460157.085225 0.99914 0.00152 1.6876 -0.79 0.65 23.09 54328
2460157.085385 0.99986 0.00152 1.6855 -0.25 -0.91 22.23 73395
2460157.085539 0.99792 0.00151 1.6834 1.41 0.6 23.0 66432
2460157.0857 0.99952 0.00151 1.6814 1.84 -0.59 23.21 66907
2460157.085854 0.9964 0.0015 1.6793 1.25 -1.1 23.78 55941
2460157.086008 0.99545 0.0015 1.6773 0.11 0.94 23.35 62546
2460157.086162 0.99933 0.0015 1.6753 -0.72 -0.39 23.02 60065
2460157.086323 0.99975 0.0015 1.6733 0.33 0.16 23.7 52542
2460157.086477 1.00062 0.0015 1.6712 0.04 -0.26 23.69 59918
2460157.086631 0.99768 0.00149 1.6692 -0.12 -1.69 23.79 50887
2460157.086792 0.99485 0.00149 1.6672 0.88 1.17 23.35 53737
2460157.086946 1.00143 0.00149 1.6652 -1.43 0.64 23.07 61261
2460157.087107 0.9965 0.00148 1.6632 -1.66 -0.16 24.82 47740
2460157.087261 0.99975 0.00148 1.6612 0.1 -0.03 21.91 68455
2460157.087415 0.99594 0.00148 1.6592 0.07 -0.02 25.19 44338
2460157.087569 0.99771 0.00147 1.6572 -2.45 -0.91 23.37 55946
2460157.087758 0.99821 0.00147 1.6549 0.61 -0.38 23.74 53101
2460157.087912 0.99794 0.00147 1.6529 0.44 -0.58 22.7 62944
2460157.088066 0.9995 0.00147 1.651 2.25 1.02 22.61 66168
2460157.088227 0.99917 0.00147 1.649 0.28 -0.4 23.43 58092
2460157.088381 1.00161 0.00146 1.647 1.14 1.01 23.55 53476
2460157.088542 1.00075 0.00146 1.645 -1.68 0.55 22.98 60260
2460157.088703 0.99774 0.00146 1.6431 0.01 -0.94 22.94 58513
2460157.088857 0.99714 0.00145 1.6412 0.19 0.21 22.86 64501
2460157.089011 1.00006 0.00145 1.6393 0.09 0.61 22.33 62428
2460157.089165 0.99994 0.00145 1.6373 -0.4 0.66 23.3 61636
2460157.089326 0.99984 0.00145 1.6354 -0.42 -0.26 25.41 41179
2460157.089479 0.99823 0.00144 1.6335 -2.26 -0.59 22.9 62506
2460157.08964 0.99995 0.00144 1.6315 -0.22 -0.06 23.48 60536
2460157.089794 0.99672 0.00144 1.6297 -2.28 -0.89 24.82 51864
2460157.089956 0.99971 0.00144 1.6277 1.49 -0.58 22.69 66519
2460157.090109 0.99694 0.00143 1.6258 0.67 0.7 22.68 68399
2460157.09027 1.00123 0.00143 1.6239 0.98 -2.46 23.12 63887
2460157.090424 1.00044 0.00143 1.6221 -0.25 3.27 23.6 64684
2460157.090578 1.00195 0.00143 1.6202 0.25 -0.31 22.56 70050
2460157.090767 1.00048 0.00142 1.618 0.56 0.71 23.92 58562
2460157.090921 0.99989 0.00142 1.6161 1.35 0.44 23.72 63958
2460157.091082 1.00203 0.00142 1.6142 0.33 -0.5 23.76 62515
2460157.091236 1.00147 0.00142 1.6124 0.51 -0.61 23.05 60220
2460157.091397 0.9974 0.00141 1.6105 -0.92 1.19 23.52 57982
2460157.091558 0.99854 0.00141 1.6086 0.36 -0.47 22.9 67197
2460157.091712 0.99952 0.00141 1.6068 -2.15 0.07 22.45 64268
2460157.091873 0.99984 0.00141 1.6049 -1.1 -1.5 24.84 50245
2460157.092028 0.99958 0.0014 1.6031 -2.0 0.87 23.13 56361
2460157.092189 0.99948 0.00141 1.6013 0.52 -1.27 26.02 47797
2460157.092343 0.99787 0.0014 1.5995 0.1 0.22 25.68 45475
2460157.092504 1.00531 0.0014 1.5976 1.62 0.17 23.24 61957
2460157.092658 1.0005 0.00139 1.5958 -0.77 -0.1 24.1 56496
2460157.092819 0.99888 0.00139 1.594 -0.95 0.78 21.93 68564
2460157.092973 0.99981 0.00139 1.5922 -0.44 -0.78 23.24 60389
2460157.093134 1.00343 0.00139 1.5904 -0.4 1.99 25.74 42485
2460157.093288 0.99755 0.00138 1.5886 -0.26 -1.54 23.5 58466
2460157.093442 1.00061 0.00138 1.5869 1.01 0.56 23.76 55993
2460157.093596 1.00015 0.00138 1.5851 -1.6 -1.05 24.08 57090
2460157.093757 0.99941 0.00138 1.5834 0.06 2.17 24.27 50513
2460157.093911 1.00128 0.00138 1.5816 -1.12 -0.47 23.93 59889
2460157.094065 1.00161 0.00137 1.5799 -2.33 -0.86 23.36 63412
2460157.094219 1.00006 0.00137 1.5781 -1.32 -0.02 23.18 61107
2460157.09438 1.00032 0.00137 1.5764 0.04 -0.07 23.56 60712
2460157.094534 1.00224 0.00137 1.5746 -0.88 -0.52 22.88 68703
2460157.094687 1.00087 0.00136 1.5729 1.92 1.17 23.1 62156
2460157.094848 1.00062 0.00136 1.5712 -0.15 -0.37 23.01 68992
2460157.095002 1.00165 0.00136 1.5695 -0.17 0.53 22.38 70364
2460157.095156 0.99897 0.00136 1.5678 -0.31 0.36 22.66 68290
2460157.09531 1.00085 0.00136 1.566 0.93 0.25 23.67 65285
2460157.095471 1.00245 0.00136 1.5643 -0.09 0.26 23.02 67149
2460157.095625 1.0006 0.00136 1.5627 -0.61 0.06 23.39 56206
2460157.095779 0.99859 0.00135 1.561 1.41 -0.23 25.0 46692
2460157.09594 1.00104 0.00136 1.5593 0.05 -0.96 24.67 44579
2460157.096094 1.00095 0.00135 1.5575 -2.07 1.87 22.82 64503
2460157.096248 0.99954 0.00134 1.5559 -1.16 -0.55 23.29 64318
2460157.096409 1.00194 0.00135 1.5542 -1.76 -1.1 23.64 51434
2460157.096563 1.00169 0.00134 1.5525 -0.5 0.4 24.53 52398
2460157.096724 1.00259 0.00134 1.5509 -0.53 0.84 23.45 56288
2460157.096878 1.00033 0.00134 1.5492 1.33 0.79 25.25 47735
2460157.097039 1.00376 0.00134 1.5475 1.29 -0.83 24.31 50395
2460157.097193 1.0009 0.00133 1.5459 0.96 0.58 23.93 55710
2460157.097347 1.00075 0.00133 1.5442 -1.14 1.02 24.54 49556
2460157.097508 1.00074 0.00134 1.5426 1.35 -0.03 26.79 35221
2460157.097662 1.00245 0.00133 1.5409 -0.52 -0.31 25.02 49018
2460157.097816 0.99913 0.00133 1.5393 -0.5 -1.59 24.17 51077
2460157.09797 1.00219 0.00132 1.5377 -0.35 0.03 24.08 59383
2460157.098131 1.00182 0.00133 1.5361 0.97 1.31 25.12 51695
2460157.098285 1.00173 0.00132 1.5345 -0.06 -0.87 24.71 46788
2460157.098439 1.0011 0.00132 1.5328 -2.8 -0.82 24.81 51029
2460157.098593 0.99891 0.00132 1.5312 -2.23 0.64 25.05 50304
2460157.098754 1.00219 0.00132 1.5296 -2.78 -0.83 25.05 44647
2460157.098908 1.00229 0.00131 1.528 -2.23 1.1 24.38 50890
2460157.099062 1.00106 0.00131 1.5264 -1.05 -0.26 25.41 44131
2460157.099222 1.00124 0.00131 1.5248 0.68 -0.55 25.12 43377
2460157.099376 1.00074 0.00131 1.5232 -0.17 -0.24 24.86 45077
2460157.09953 1.0008 0.0013 1.5216 -1.81 -0.62 23.52 57297
2460157.099691 1.00249 0.0013 1.5201 -0.9 -0.6 24.1 55807
2460157.099845 1.00239 0.0013 1.5185 -0.61 0.15 24.75 56682
2460157.099999 1.00154 0.0013 1.5169 -0.63 -0.39 24.35 56770
2460157.10016 1.00137 0.0013 1.5154 2.64 0.17 23.96 55496
2460157.100314 1.00281 0.00129 1.5138 1.99 -0.55 22.99 61091
2460157.100468 1.00065 0.00129 1.5122 -1.12 0.32 23.59 67413
2460157.100622 1.00407 0.00129 1.5107 -3.0 -0.38 23.18 70919
2460157.100783 1.00218 0.00129 1.5092 -1.51 -0.75 22.87 62683
2460157.100937 1.00289 0.00129 1.5076 -2.21 -1.22 23.2 64504
2460157.101091 1.00078 0.00128 1.506 -0.87 -0.71 24.59 51291
2460157.101252 1.00318 0.00128 1.5045 0.05 0.75 22.8 73019
2460157.101406 1.00246 0.00128 1.503 -0.05 0.24 23.07 71869
2460157.10156 1.00048 0.00128 1.5015 1.45 -0.55 23.52 59115
2460157.101721 1.00392 0.00128 1.4999 -2.14 1.18 22.29 68058
2460157.101875 1.00117 0.00128 1.4984 -0.41 -0.57 23.22 66518
2460157.102029 1.00093 0.00128 1.4969 -0.13 0.25 23.75 53979
2460157.10219 1.00363 0.00128 1.4954 -0.75 -0.55 22.74 64667
2460157.102344 1.00212 0.00127 1.4939 0.52 -0.59 22.09 74548
2460157.102497 1.00133 0.00127 1.4924 1.7 -0.91 25.09 48021
2460157.102658 1.00343 0.00127 1.4909 -2.0 -0.07 23.35 54338
2460157.102812 1.00185 0.00127 1.4894 -1.46 2.03 24.68 52957
2460157.102969 1.00348 0.00126 1.4879 -3.31 0.6 21.54 81812
2460157.103147 1.00232 0.00126 1.4862 -1.51 -1.01 22.63 66652
2460157.10331 0.99933 0.00126 1.4847 -1.87 -0.37 22.1 74195
2460157.103466 1.00146 0.00126 1.4832 -0.33 0.16 22.13 72496
2460157.103622 1.00207 0.00126 1.4817 0.82 -1.25 22.64 66885
2460157.103778 1.00112 0.00125 1.4802 1.77 0.05 21.96 80750
2460157.103933 1.00256 0.00125 1.4788 0.38 0.7 22.09 77935
2460157.104089 1.0018 0.00125 1.4773 -0.24 0.12 21.74 71828
2460157.104245 1.00333 0.00125 1.4759 0.18 -0.0 20.88 97959
2460157.104408 1.00444 0.00125 1.4744 -0.35 0.34 22.38 81065
2460157.104564 1.00106 0.00124 1.4729 -0.32 -0.41 21.9 81197
2460157.104719 1.00032 0.00124 1.4715 1.11 -0.36 22.32 71073
2460157.104876 1.0035 0.00124 1.4701 0.38 0.13 21.65 83014
2460157.105031 1.00505 0.00124 1.4686 0.71 0.32 22.01 81711
2460157.105187 1.00449 0.00124 1.4672 -0.72 -0.35 21.3 87834
2460157.105343 1.0036 0.00124 1.4658 -1.61 -0.84 22.05 68089
2460157.105499 1.00487 0.00124 1.4643 -2.41 -1.17 22.45 79043
2460157.105697 1.00164 0.00123 1.4626 -1.04 -0.32 21.74 74981
2460157.105852 1.00306 0.00123 1.4611 -0.8 -0.19 21.38 99642
2460157.106008 1.002 0.00123 1.4597 1.27 0.23 21.5 88819
2460157.106167 1.00265 0.00123 1.4583 0.21 -0.23 22.33 82512
2460157.10633 1.00202 0.00122 1.4568 0.21 -0.32 21.37 87197
2460157.106486 1.00365 0.00122 1.4555 -0.71 0.13 21.82 86696
2460157.106641 1.00344 0.00122 1.4541 -0.98 -0.03 21.02 107648
2460157.106797 1.00253 0.00122 1.4527 -0.89 -0.47 21.3 88645
2460157.106953 1.00069 0.00122 1.4513 -0.48 0.08 22.0 85734
2460157.107109 1.00513 0.00122 1.4499 0.73 -0.08 21.73 80258
2460157.107264 1.00105 0.00121 1.4486 -0.2 -0.34 21.55 85980
2460157.10742 1.00472 0.00122 1.4472 -2.25 -0.79 22.03 72157
2460157.107576 1.00357 0.00121 1.4458 -1.86 -0.34 21.72 78891
2460157.107732 1.0014 0.00121 1.4444 -2.52 -0.47 21.27 89124
2460157.107888 1.00288 0.00121 1.4431 -1.15 0.53 20.85 84744
2460157.108043 1.00438 0.00121 1.4417 0.05 0.06 21.5 89833
2460157.108242 1.00252 0.00121 1.44 -0.23 -0.69 21.01 90717
2460157.108397 1.00126 0.0012 1.4386 0.36 -0.18 20.92 92807
2460157.10856 0.9999 0.0012 1.4372 0.35 1.3 21.31 84763
2460157.108716 1.00097 0.0012 1.4359 -0.6 -0.19 21.28 88055
2460157.108872 1.00343 0.0012 1.4346 -1.39 -0.03 20.43 103954
2460157.109028 1.00166 0.0012 1.4332 -0.86 -0.26 20.76 94194
2460157.109186 1.00338 0.0012 1.4319 0.3 0.71 20.94 86885
2460157.109342 1.00241 0.0012 1.4305 0.24 -0.0 20.69 96744
2460157.109498 1.00177 0.0012 1.4292 -0.81 0.13 21.12 97175
2460157.109654 1.00409 0.0012 1.4278 -1.81 0.07 21.02 87303
2460157.109809 1.00074 0.0012 1.4265 -1.38 -0.55 20.29 101537
2460157.109965 1.00425 0.0012 1.4252 -1.4 -0.27 21.57 77875
2460157.110121 1.00283 0.0012 1.4239 -1.18 0.15 20.89 87729
2460157.110276 1.00267 0.0012 1.4226 -0.64 0.26 20.72 86867
2460157.110432 1.00276 0.00121 1.4213 0.45 -0.93 21.06 81747
2460157.110588 1.00112 0.00121 1.42 1.02 -0.14 21.25 75487
2460157.110743 1.00301 0.00121 1.4187 0.17 0.1 21.87 82532
2460157.110899 0.99993 0.00121 1.4174 -0.89 -0.3 20.9 80403
2460157.111054 1.00228 0.00121 1.4161 -0.72 0.4 20.83 84403
2460157.111217 1.00315 0.00121 1.4148 -0.79 0.72 20.84 85538
2460157.111373 1.00505 0.00121 1.4135 -0.17 -0.19 20.95 80764
2460157.111528 1.00204 0.0012 1.4123 0.11 0.48 20.97 84805
2460157.111684 1.00236 0.0012 1.411 -0.07 0.77 21.42 74142
2460157.11184 1.00455 0.0012 1.4097 -0.3 0.07 20.48 88995
2460157.111995 1.00469 0.0012 1.4084 -2.53 -0.72 20.59 85626
2460157.112151 1.00314 0.0012 1.4072 -2.5 0.05 21.02 81111
2460157.112307 1.00415 0.00119 1.4059 -1.57 -0.62 21.11 86075
2460157.112462 1.00189 0.00119 1.4046 -0.94 -0.35 20.86 82192
2460157.112622 1.00234 0.00118 1.4034 -0.3 -1.13 21.37 83487
2460157.11278 1.00349 0.00118 1.4021 0.89 -0.75 21.73 73838
2460157.112938 1.00333 0.00118 1.4009 -0.8 -0.32 20.73 87697
2460157.113103 1.00472 0.00118 1.3995 0.24 -0.21 21.38 84350
2460157.113261 1.00303 0.00118 1.3983 -1.13 -0.2 22.54 76627
2460157.113412 1.00198 0.00118 1.397 -0.8 0.23 21.05 77005
2460157.11357 1.00338 0.00117 1.3958 -0.69 0.04 21.49 79075
2460157.113728 1.00529 0.00117 1.3945 0.58 0.36 20.43 85193
2460157.113886 1.00303 0.00117 1.3934 -0.54 -0.37 20.67 91680
2460157.114037 1.00376 0.00117 1.3921 -1.33 -0.56 21.5 81903
2460157.114195 1.0041 0.00117 1.3909 -1.82 0.06 20.67 89273
2460157.114354 1.00322 0.00116 1.3896 -2.03 -0.58 20.93 95486
2460157.114513 1.00446 0.00116 1.3884 -1.85 -0.7 21.12 82277
2460157.114671 1.00218 0.00116 1.3872 -0.85 -0.49 21.08 89799
2460157.114822 1.00362 0.00116 1.386 0.48 -0.07 20.23 96584
2460157.11498 1.00514 0.00116 1.3848 1.43 -0.82 20.74 94157
2460157.115138 1.00551 0.00116 1.3836 -0.01 0.22 21.36 88300
2460157.115288 1.00512 0.00115 1.3824 -1.42 -0.3 21.48 89292
2460157.115446 1.00303 0.00115 1.3812 -1.22 -0.59 21.02 89466
2460157.115604 1.00415 0.00115 1.38 -0.8 0.14 21.55 88314
2460157.115757 1.00447 0.00115 1.3788 -0.47 -0.33 21.07 80849
2460157.115916 1.00304 0.00115 1.3776 -0.17 0.32 21.74 76558
2460157.116074 1.00256 0.00114 1.3764 -1.03 0.51 21.22 82358
2460157.116232 1.00309 0.00114 1.3752 -1.63 0.6 20.93 85612
2460157.11639 1.00307 0.00114 1.374 -1.65 -0.02 20.88 94739
2460157.116541 1.00489 0.00114 1.3729 -2.56 -0.59 21.3 87669
2460157.116699 1.00266 0.00114 1.3717 -2.17 -0.45 20.94 90660
2460157.116857 1.00335 0.00114 1.3705 -1.56 -0.09 20.92 96013
2460157.117015 1.00528 0.00114 1.3694 -0.6 -0.76 21.12 87272
2460157.117166 1.00593 0.00114 1.3682 1.14 0.46 21.14 92254
2460157.117324 1.00577 0.00114 1.367 2.09 -0.63 21.0 89616
2460157.117633 1.00391 0.00113 1.3647 -2.09 0.16 20.61 98527
2460157.117791 1.00287 0.00113 1.3636 -1.38 -0.08 20.97 90258
2460157.117949 1.00667 0.00113 1.3624 -0.05 0.41 21.05 96131
2460157.118107 1.00497 0.00113 1.3613 -1.59 -0.42 21.42 76120
2460157.118258 1.00629 0.00113 1.3601 -2.56 0.69 21.57 78917
2460157.118416 1.00717 0.00113 1.359 -3.3 0.38 22.33 64632
2460157.118574 1.00442 0.00113 1.3579 -1.76 0.09 22.47 60466
2460157.118727 1.00414 0.00113 1.3567 -1.79 -1.38 21.76 74720
2460157.118886 1.00292 0.00113 1.3556 -2.84 -0.5 22.36 63769
2460157.119044 1.00389 0.00112 1.3545 -2.0 -0.08 21.3 79352
2460157.119201 1.00641 0.00112 1.3533 -0.35 -0.03 21.35 83722
2460157.119352 1.00652 0.00112 1.3522 0.85 -1.5 22.09 68844
2460157.119509 1.00527 0.00112 1.3511 2.29 -0.25 21.97 70506
2460157.119667 1.00513 0.00113 1.35 3.75 -0.31 23.93 51835
2460157.119825 1.00807 0.00113 1.3489 -0.47 0.58 22.7 59680
2460157.119975 1.00638 0.00113 1.3478 -1.61 0.06 23.21 57878
2460157.120133 1.0072 0.00114 1.3467 -1.39 0.26 22.14 61730
2460157.120292 1.00455 0.00114 1.3456 -1.7 -0.44 20.87 78495
2460157.12045 1.00451 0.00114 1.3444 -1.05 0.62 21.59 64289
2460157.120607 1.00705 0.00116 1.3434 -1.51 -0.81 21.52 70637
2460157.120765 1.00507 0.00118 1.3422 -1.79 0.0 21.03 61336
2460157.120916 1.00722 0.0012 1.3411 -1.64 0.48 21.83 50524
2460157.121074 1.00458 0.00122 1.34 -3.54 -0.64 21.75 45251
2460157.121232 1.0034 0.00124 1.339 -3.1 -1.76 21.77 44294
2460157.12139 1.002 0.00127 1.3378 -1.42 -0.48 21.55 42251
2460157.121555 1.00583 0.00131 1.3367 0.04 0.12 20.56 47602
2460157.121706 1.00223 0.00129 1.3357 0.84 -0.9 21.07 42504
2460157.121864 1.00686 0.00128 1.3346 2.45 -0.43 20.95 44756
2460157.122022 1.00674 0.00131 1.3335 0.47 -0.2 21.41 36897
2460157.122187 1.00334 0.00131 1.3324 -1.28 -0.07 21.81 40718
2460157.122366 1.00303 0.0013 1.3312 -1.45 -0.1 21.11 40979
2460157.122524 1.00638 0.00128 1.3301 -1.41 0.41 21.87 42394
2460157.122675 1.00302 0.00128 1.329 -0.37 -0.44 21.4 42262
2460157.122832 1.00356 0.00128 1.328 -0.82 0.26 21.17 43271
2460157.122991 1.00126 0.0013 1.3269 -2.84 -0.29 21.26 40908
2460157.123141 1.00273 0.00128 1.3259 -3.18 0.33 20.94 45451
2460157.123306 1.00267 0.00131 1.3248 -3.23 0.28 22.21 33005
2460157.123457 1.00019 0.00138 1.3237 -2.18 -1.07 22.06 28825
2460157.123615 1.00433 0.00148 1.3227 -0.94 0.13 23.16 19299
2460157.123773 1.00855 0.00155 1.3216 0.59 0.18 21.87 23508
2460157.123931 0.99955 0.00164 1.3206 0.74 -0.45 22.32 19376
2460157.124088 1.00601 0.00141 1.3196 1.69 -0.37 22.33 25829
2460157.124246 1.00628 0.00137 1.3185 -0.81 0.6 21.34 35800
2460157.124397 1.00053 0.00138 1.3175 -0.72 -0.46 22.06 28040
2460157.124555 1.00655 0.00124 1.3165 -0.63 -0.49 21.7 45696
2460157.124713 1.00937 0.00131 1.3154 -0.56 -0.06 21.31 36228
2460157.124871 1.01147 0.00137 1.3144 -1.38 0.77 21.54 30691
2460157.125029 1.00643 0.00132 1.3134 -2.62 0.5 21.82 29209
2460157.12518 0.99801 0.00128 1.3124 -2.71 -0.53 23.08 28248
2460157.125338 1.00297 0.00123 1.3114 -1.29 -0.85 21.09 41221
2460157.125496 0.99739 0.00122 1.3103 -1.59 -1.13 22.65 36759
2460157.125654 1.00572 0.00124 1.3093 -2.29 -0.64 22.78 36583
2460157.125812 1.00301 0.00126 1.3083 -1.43 -0.46 21.35 43348
2460157.12597 1.00049 0.00125 1.3073 -0.31 -0.36 22.17 34496
2460157.126121 1.00441 0.00124 1.3063 -0.03 0.03 21.59 43099
2460157.126279 1.00435 0.00133 1.3053 1.92 -1.12 22.48 27478
2460157.126437 1.00455 0.00124 1.3043 0.76 -0.11 22.16 37391
2460157.126595 1.0031 0.00121 1.3033 -1.46 0.67 22.53 36632
2460157.126745 1.00238 0.00119 1.3023 -1.01 0.3 21.43 43890
2460157.126903 1.00257 0.00116 1.3013 -1.12 -0.51 21.23 60393
2460157.127061 1.00341 0.00112 1.3003 -0.82 -0.7 20.96 66672
2460157.127212 1.00355 0.00111 1.2994 0.54 -0.04 21.45 64082
